{
    "camera_model": "OPENCV",
    "w": 1280,
    "h": 720,
    "fl_x": 751.3418667502033,
    "fl_y": 750.6179165472433,
    "cx": 640,
    "cy": 360,
    "k1": 0,
    "k2": 0,
    "k3": 0,
    "p1": 0,
    "p2": 0,
    "frames": [
        {
            "file_path": "images/pinhole_duplicate1_00000.jpg",
            "mask_path": "masks/mask_pinhole_duplicate1_00000.jpg",
            "transform_matrix": [
                [
                    -1.0,
                    3.048489682844113e-06,
                    -1.7288844115605974e-05,
                    -149.46057601452011
                ],
                [
                    -1.7555552403730574e-05,
                    -0.17364817766693033,
                    0.984807753012208,
                    354.6576728741351
                ],
                [
                    0.0,
                    0.984807753012208,
                    0.17364817766693033,
                    1.1646527647972107
                ],
                [
                    0.0,
                    0.0,
                    0.0,
                    1.0
                ]
            ],
            "colmap_im_id": 0
        },
        {
            "file_path": "images/pinhole_duplicate1_00001.jpg",
            "mask_path": "masks/mask_pinhole_duplicate1_00001.jpg",
            "transform_matrix": [
                [
                    -1.0,
                    3.048489682844113e-06,
                    -1.7288844115605974e-05,
                    -150.34029098034043
                ],
                [
                    -1.7555552403730574e-05,
                    -0.17364817766693033,
                    0.984807753012208,
                    354.65764235655695
                ],
                [
                    0.0,
                    0.984807753012208,
                    0.17364817766693033,
                    1.5
                ],
                [
                    0.0,
                    0.0,
                    0.0,
                    1.0
                ]
            ],
            "colmap_im_id": 1
        },
        {
            "file_path": "images/pinhole_duplicate1_00002.jpg",
            "mask_path": "masks/mask_pinhole_duplicate1_00002.jpg",
            "transform_matrix": [
                [
                    -1.0,
                    2.84959821164537e-06,
                    -1.6160874530919525e-05,
                    -151.2196556812345
                ],
                [
                    -1.641018207004224e-05,
                    -0.17364817766693033,
                    0.984807753012208,
                    354.6576435019273
                ],
                [
                    0.0,
                    0.984807753012208,
                    0.17364817766693033,
                    1.5
                ],
                [
                    0.0,
                    0.0,
                    0.0,
                    1.0
                ]
            ],
            "colmap_im_id": 2
        },
        {
            "file_path": "images/pinhole_duplicate1_00003.jpg",
            "mask_path": "masks/mask_pinhole_duplicate1_00003.jpg",
            "transform_matrix": [
                [
                    -1.0,
                    3.4495130760193473e-06,
                    -1.956316079456209e-05,
                    -152.09897184567598
                ],
                [
                    -1.9864954083398218e-05,
                    -0.17364817766693033,
                    0.984807753012208,
                    354.65760952957714
                ],
                [
                    0.0,
                    0.984807753012208,
                    0.17364817766693033,
                    1.5
                ],
                [
                    0.0,
                    0.0,
                    0.0,
                    1.0
                ]
            ],
            "colmap_im_id": 3
        },
        {
            "file_path": "images/pinhole_duplicate1_00004.jpg",
            "mask_path": "masks/mask_pinhole_duplicate1_00004.jpg",
            "transform_matrix": [
                [
                    -1.0,
                    3.1254196710226603e-06,
                    -1.7725135758946376e-05,
                    -152.97842853190997
                ],
                [
                    -1.799857454892178e-05,
                    -0.17364817766693033,
                    0.984807753012208,
                    354.6576113959567
                ],
                [
                    0.0,
                    0.984807753012208,
                    0.17364817766693033,
                    1.5
                ],
                [
                    0.0,
                    0.0,
                    0.0,
                    1.0
                ]
            ],
            "colmap_im_id": 4
        },
        {
            "file_path": "images/pinhole_duplicate1_00005.jpg",
            "mask_path": "masks/mask_pinhole_duplicate1_00005.jpg",
            "transform_matrix": [
                [
                    -1.0,
                    3.506578680830918e-06,
                    -1.9886795921655436e-05,
                    -153.85808114556966
                ],
                [
                    -2.019358180398983e-05,
                    -0.17364817766693033,
                    0.984807753012208,
                    354.6575786833713
                ],
                [
                    0.0,
                    0.984807753012208,
                    0.17364817766693033,
                    1.5
                ],
                [
                    0.0,
                    0.0,
                    0.0,
                    1.0
                ]
            ],
            "colmap_im_id": 5
        },
        {
            "file_path": "images/pinhole_duplicate1_00006.jpg",
            "mask_path": "masks/mask_pinhole_duplicate1_00006.jpg",
            "transform_matrix": [
                [
                    -1.0,
                    2.841637170471535e-06,
                    -1.611572522284513e-05,
                    -154.73790522046073
                ],
                [
                    -1.636433626111527e-05,
                    -0.17364817766693033,
                    0.984807753012208,
                    354.65758251261684
                ],
                [
                    0.0,
                    0.984807753012208,
                    0.17364817766693033,
                    1.5
                ],
                [
                    0.0,
                    0.0,
                    0.0,
                    1.0
                ]
            ],
            "colmap_im_id": 6
        },
        {
            "file_path": "images/pinhole_duplicate1_00007.jpg",
            "mask_path": "masks/mask_pinhole_duplicate1_00007.jpg",
            "transform_matrix": [
                [
                    -1.0,
                    3.366782241897399e-06,
                    -1.9093970919084475e-05,
                    -155.61784725360303
                ],
                [
                    -1.938852619781089e-05,
                    -0.17364817766693033,
                    0.984807753012208,
                    354.6575489708488
                ],
                [
                    0.0,
                    0.984807753012208,
                    0.17364817766693033,
                    1.5
                ],
                [
                    0.0,
                    0.0,
                    0.0,
                    1.0
                ]
            ],
            "colmap_im_id": 7
        },
        {
            "file_path": "images/pinhole_duplicate1_00008.jpg",
            "mask_path": "masks/mask_pinhole_duplicate1_00008.jpg",
            "transform_matrix": [
                [
                    -1.0,
                    4.019006112168617e-06,
                    -2.2792916296874332e-05,
                    -156.49784988281098
                ],
                [
                    -2.3144533770330484e-05,
                    -0.17364817766693033,
                    0.984807753012208,
                    354.6575452148412
                ],
                [
                    0.0,
                    0.984807753012208,
                    0.17364817766693033,
                    1.5
                ],
                [
                    0.0,
                    0.0,
                    0.0,
                    1.0
                ]
            ],
            "colmap_im_id": 8
        },
        {
            "file_path": "images/pinhole_duplicate1_00009.jpg",
            "mask_path": "masks/mask_pinhole_duplicate1_00009.jpg",
            "transform_matrix": [
                [
                    -1.0,
                    4.672497861319051e-06,
                    -2.6499052173101368e-05,
                    -157.37788302521622
                ],
                [
                    -2.690784276631591e-05,
                    -0.17364817766693033,
                    0.984807753012208,
                    354.6575109339541
                ],
                [
                    0.0,
                    0.984807753012208,
                    0.17364817766693033,
                    1.5
                ],
                [
                    0.0,
                    0.0,
                    0.0,
                    1.0
                ]
            ],
            "colmap_im_id": 9
        },
        {
            "file_path": "images/pinhole_duplicate1_00010.jpg",
            "mask_path": "masks/mask_pinhole_duplicate1_00010.jpg",
            "transform_matrix": [
                [
                    -1.0,
                    3.6920752991071565e-06,
                    -2.0938799520486033e-05,
                    -158.25793707201302
                ],
                [
                    -2.1261814254041995e-05,
                    -0.17364817766693033,
                    0.984807753012208,
                    354.6574860624045
                ],
                [
                    0.0,
                    0.984807753012208,
                    0.17364817766693033,
                    1.5
                ],
                [
                    0.0,
                    0.0,
                    0.0,
                    1.0
                ]
            ],
            "colmap_im_id": 10
        },
        {
            "file_path": "images/pinhole_duplicate1_00011.jpg",
            "mask_path": "masks/mask_pinhole_duplicate1_00011.jpg",
            "transform_matrix": [
                [
                    -1.0,
                    2.8354512860742817e-06,
                    -1.608064332912473e-05,
                    -159.13797543226428
                ],
                [
                    -1.632871317263623e-05,
                    -0.17364817766693033,
                    0.984807753012208,
                    354.65749099550555
                ],
                [
                    0.0,
                    0.984807753012208,
                    0.17364817766693033,
                    1.5
                ],
                [
                    0.0,
                    0.0,
                    0.0,
                    1.0
                ]
            ],
            "colmap_im_id": 11
        },
        {
            "file_path": "images/pinhole_duplicate1_00012.jpg",
            "mask_path": "masks/mask_pinhole_duplicate1_00012.jpg",
            "transform_matrix": [
                [
                    -1.0,
                    4.476806410281081e-06,
                    -2.538923080457512e-05,
                    -160.01798990255338
                ],
                [
                    -2.57809006142749e-05,
                    -0.17364817766693033,
                    0.984807753012208,
                    354.65745102574
                ],
                [
                    0.0,
                    0.984807753012208,
                    0.17364817766693033,
                    1.5
                ],
                [
                    0.0,
                    0.0,
                    0.0,
                    1.0
                ]
            ],
            "colmap_im_id": 12
        },
        {
            "file_path": "images/pinhole_duplicate1_00013.jpg",
            "mask_path": "masks/mask_pinhole_duplicate1_00013.jpg",
            "transform_matrix": [
                [
                    -1.0,
                    2.7011442509877743e-06,
                    -1.531895028279186e-05,
                    -160.89801617953344
                ],
                [
                    -1.5555269783301513e-05,
                    -0.17364817766693033,
                    0.984807753012208,
                    354.6574612513708
                ],
                [
                    0.0,
                    0.984807753012208,
                    0.17364817766693033,
                    1.5
                ],
                [
                    0.0,
                    0.0,
                    0.0,
                    1.0
                ]
            ],
            "colmap_im_id": 13
        },
        {
            "file_path": "images/pinhole_duplicate1_00014.jpg",
            "mask_path": "masks/mask_pinhole_duplicate1_00014.jpg",
            "transform_matrix": [
                [
                    -1.0,
                    2.857347307944278e-06,
                    -1.620482183987799e-05,
                    -161.77802052262342
                ],
                [
                    -1.645480733707943e-05,
                    -0.17364817766693033,
                    0.984807753012208,
                    354.65742983425514
                ],
                [
                    0.0,
                    0.984807753012208,
                    0.17364817766693033,
                    1.5
                ],
                [
                    0.0,
                    0.0,
                    0.0,
                    1.0
                ]
            ],
            "colmap_im_id": 14
        },
        {
            "file_path": "images/pinhole_duplicate1_00015.jpg",
            "mask_path": "masks/mask_pinhole_duplicate1_00015.jpg",
            "transform_matrix": [
                [
                    -1.0,
                    2.359472213872105e-06,
                    -1.3381231870426017e-05,
                    -162.65801186693588
                ],
                [
                    -1.3587658941044242e-05,
                    -0.17364817766693033,
                    0.984807753012208,
                    354.65743270140354
                ],
                [
                    0.0,
                    0.984807753012208,
                    0.17364817766693033,
                    1.5
                ],
                [
                    0.0,
                    0.0,
                    0.0,
                    1.0
                ]
            ],
            "colmap_im_id": 15
        },
        {
            "file_path": "images/pinhole_duplicate1_00016.jpg",
            "mask_path": "masks/mask_pinhole_duplicate1_00016.jpg",
            "transform_matrix": [
                [
                    -1.0,
                    4.341638961127064e-06,
                    -2.4622658107583836e-05,
                    -163.53800990084238
                ],
                [
                    -2.5002502297804924e-05,
                    -0.17364817766693033,
                    0.984807753012208,
                    354.65739076898205
                ],
                [
                    0.0,
                    0.984807753012208,
                    0.17364817766693033,
                    1.5
                ],
                [
                    0.0,
                    0.0,
                    0.0,
                    1.0
                ]
            ],
            "colmap_im_id": 16
        },
        {
            "file_path": "images/pinhole_duplicate1_00017.jpg",
            "mask_path": "masks/mask_pinhole_duplicate1_00017.jpg",
            "transform_matrix": [
                [
                    -1.0,
                    3.9848855142190405e-06,
                    -2.259940877004841e-05,
                    -164.41800075754253
                ],
                [
                    -2.294804107799125e-05,
                    -0.17364817766693033,
                    0.984807753012208,
                    354.65736230586515
                ],
                [
                    0.0,
                    0.984807753012208,
                    0.17364817766693033,
                    1.5
                ],
                [
                    0.0,
                    0.0,
                    0.0,
                    1.0
                ]
            ],
            "colmap_im_id": 17
        },
        {
            "file_path": "images/pinhole_duplicate1_00018.jpg",
            "mask_path": "masks/mask_pinhole_duplicate1_00018.jpg",
            "transform_matrix": [
                [
                    -1.0,
                    2.9975076224305765e-06,
                    -1.6999710483256034e-05,
                    -165.29800905200463
                ],
                [
                    -1.7261958419051255e-05,
                    -0.17364817766693033,
                    0.984807753012208,
                    354.6573679919478
                ],
                [
                    0.0,
                    0.984807753012208,
                    0.17364817766693033,
                    1.5
                ],
                [
                    0.0,
                    0.0,
                    0.0,
                    1.0
                ]
            ],
            "colmap_im_id": 18
        },
        {
            "file_path": "images/pinhole_duplicate1_00019.jpg",
            "mask_path": "masks/mask_pinhole_duplicate1_00019.jpg",
            "transform_matrix": [
                [
                    -1.0,
                    4.680489225455618e-06,
                    -2.6544373451243022e-05,
                    -166.1779928608852
                ],
                [
                    -2.695386319822562e-05,
                    -0.17364817766693033,
                    0.984807753012208,
                    354.6573277824649
                ],
                [
                    0.0,
                    0.984807753012208,
                    0.17364817766693033,
                    1.5
                ],
                [
                    0.0,
                    0.0,
                    0.0,
                    1.0
                ]
            ],
            "colmap_im_id": 19
        },
        {
            "file_path": "images/pinhole_duplicate1_00020.jpg",
            "mask_path": "masks/mask_pinhole_duplicate1_00020.jpg",
            "transform_matrix": [
                [
                    -1.0,
                    4.222270407284618e-06,
                    -2.3945685398343118e-05,
                    -167.0579993269639
                ],
                [
                    -2.4315086193321506e-05,
                    -0.17364817766693033,
                    0.984807753012208,
                    354.6572999036638
                ],
                [
                    0.0,
                    0.984807753012208,
                    0.17364817766693033,
                    1.5
                ],
                [
                    0.0,
                    0.0,
                    0.0,
                    1.0
                ]
            ],
            "colmap_im_id": 20
        },
        {
            "file_path": "images/pinhole_duplicate1_00021.jpg",
            "mask_path": "masks/mask_pinhole_duplicate1_00021.jpg",
            "transform_matrix": [
                [
                    -1.0,
                    4.488728388461735e-06,
                    -2.5456843702684944e-05,
                    -167.93800328909418
                ],
                [
                    -2.5849556550322334e-05,
                    -0.17364817766693033,
                    0.984807753012208,
                    354.6572983691934
                ],
                [
                    0.0,
                    0.984807753012208,
                    0.17364817766693033,
                    1.5
                ],
                [
                    0.0,
                    0.0,
                    0.0,
                    1.0
                ]
            ],
            "colmap_im_id": 21
        },
        {
            "file_path": "images/pinhole_duplicate1_00022.jpg",
            "mask_path": "masks/mask_pinhole_duplicate1_00022.jpg",
            "transform_matrix": [
                [
                    -1.0,
                    2.5600181817248927e-06,
                    -1.451858457190717e-05,
                    -168.81801483610633
                ],
                [
                    -1.4742557141228349e-05,
                    -0.17364817766693033,
                    0.984807753012208,
                    354.6572789586147
                ],
                [
                    0.0,
                    0.984807753012208,
                    0.17364817766693033,
                    1.5
                ],
                [
                    0.0,
                    0.0,
                    0.0,
                    1.0
                ]
            ],
            "colmap_im_id": 22
        },
        {
            "file_path": "images/pinhole_duplicate1_00023.jpg",
            "mask_path": "masks/mask_pinhole_duplicate1_00023.jpg",
            "transform_matrix": [
                [
                    -1.0,
                    2.3794758933491304e-06,
                    -1.3494678374169531e-05,
                    -169.69800508395073
                ],
                [
                    -1.3702855539970801e-05,
                    -0.17364817766693033,
                    0.984807753012208,
                    354.6572799983163
                ],
                [
                    0.0,
                    0.984807753012208,
                    0.17364817766693033,
                    1.5
                ],
                [
                    0.0,
                    0.0,
                    0.0,
                    1.0
                ]
            ],
            "colmap_im_id": 23
        },
        {
            "file_path": "images/pinhole_duplicate1_00024.jpg",
            "mask_path": "masks/mask_pinhole_duplicate1_00024.jpg",
            "transform_matrix": [
                [
                    -1.0,
                    3.3116266678737264e-06,
                    -1.878116811487344e-05,
                    -170.5780067459378
                ],
                [
                    -1.907089790614252e-05,
                    -0.17364817766693033,
                    0.984807753012208,
                    354.6572441126958
                ],
                [
                    0.0,
                    0.984807753012208,
                    0.17364817766693033,
                    1.5
                ],
                [
                    0.0,
                    0.0,
                    0.0,
                    1.0
                ]
            ],
            "colmap_im_id": 24
        },
        {
            "file_path": "images/pinhole_duplicate1_00025.jpg",
            "mask_path": "masks/mask_pinhole_duplicate1_00025.jpg",
            "transform_matrix": [
                [
                    -1.0,
                    1.579495174698949e-06,
                    -8.957762268444048e-06,
                    -171.45801761371894
                ],
                [
                    -9.095950190324106e-06,
                    -0.17364817766693033,
                    0.984807753012208,
                    354.65725408764354
                ],
                [
                    0.0,
                    0.984807753012208,
                    0.17364817766693033,
                    1.5
                ],
                [
                    0.0,
                    0.0,
                    0.0,
                    1.0
                ]
            ],
            "colmap_im_id": 25
        },
        {
            "file_path": "images/pinhole_duplicate1_00026.jpg",
            "mask_path": "masks/mask_pinhole_duplicate1_00026.jpg",
            "transform_matrix": [
                [
                    -1.0,
                    1.8523304539755637e-06,
                    -1.0505088027555834e-05,
                    -172.33800629502494
                ],
                [
                    -1.0667145943382525e-05,
                    -0.17364817766693033,
                    0.984807753012208,
                    354.6572525164478
                ],
                [
                    0.0,
                    0.984807753012208,
                    0.17364817766693033,
                    1.5
                ],
                [
                    0.0,
                    0.0,
                    0.0,
                    1.0
                ]
            ],
            "colmap_im_id": 26
        },
        {
            "file_path": "images/pinhole_duplicate1_00027.jpg",
            "mask_path": "masks/mask_pinhole_duplicate1_00027.jpg",
            "transform_matrix": [
                [
                    -1.0,
                    3.068250146890895e-06,
                    -1.74009112761017e-05,
                    -173.21800697651597
                ],
                [
                    -1.7669348380816403e-05,
                    -0.17364817766693033,
                    0.984807753012208,
                    354.6572149966672
                ],
                [
                    0.0,
                    0.984807753012208,
                    0.17364817766693033,
                    1.5
                ],
                [
                    0.0,
                    0.0,
                    0.0,
                    1.0
                ]
            ],
            "colmap_im_id": 27
        },
        {
            "file_path": "images/pinhole_duplicate1_00028.jpg",
            "mask_path": "masks/mask_pinhole_duplicate1_00028.jpg",
            "transform_matrix": [
                [
                    -1.0,
                    3.969214859770688e-06,
                    -2.2510536072373957e-05,
                    -174.09800874625907
                ],
                [
                    -2.2857797375702533e-05,
                    -0.17364817766693033,
                    0.984807753012208,
                    354.6572098082182
                ],
                [
                    0.0,
                    0.984807753012208,
                    0.17364817766693033,
                    1.5
                ],
                [
                    0.0,
                    0.0,
                    0.0,
                    1.0
                ]
            ],
            "colmap_im_id": 28
        },
        {
            "file_path": "images/pinhole_duplicate1_00029.jpg",
            "mask_path": "masks/mask_pinhole_duplicate1_00029.jpg",
            "transform_matrix": [
                [
                    -1.0,
                    3.291602457224018e-06,
                    -1.8667605173063554e-05,
                    -174.9780007116111
                ],
                [
                    -1.895558307290473e-05,
                    -0.17364817766693033,
                    0.984807753012208,
                    354.6571831928544
                ],
                [
                    0.0,
                    0.984807753012208,
                    0.17364817766693033,
                    1.5
                ],
                [
                    0.0,
                    0.0,
                    0.0,
                    1.0
                ]
            ],
            "colmap_im_id": 29
        },
        {
            "file_path": "images/pinhole_duplicate1_00030.jpg",
            "mask_path": "masks/mask_pinhole_duplicate1_00030.jpg",
            "transform_matrix": [
                [
                    -1.0,
                    2.4710592953356425e-06,
                    -1.4014073656834379e-05,
                    -175.85800842961544
                ],
                [
                    -1.4230263332076606e-05,
                    -0.17364817766693033,
                    0.984807753012208,
                    354.65718791817415
                ],
                [
                    0.0,
                    0.984807753012208,
                    0.17364817766693033,
                    1.5
                ],
                [
                    0.0,
                    0.0,
                    0.0,
                    1.0
                ]
            ],
            "colmap_im_id": 30
        },
        {
            "file_path": "images/pinhole_duplicate1_00031.jpg",
            "mask_path": "masks/mask_pinhole_duplicate1_00031.jpg",
            "transform_matrix": [
                [
                    -1.0,
                    2.8671062481167426e-06,
                    -1.6260167539856825e-05,
                    -176.73801194398183
                ],
                [
                    -1.6511006833691384e-05,
                    -0.17364817766693033,
                    0.984807753012208,
                    354.6571551198525
                ],
                [
                    0.0,
                    0.984807753012208,
                    0.17364817766693033,
                    1.5
                ],
                [
                    0.0,
                    0.0,
                    0.0,
                    1.0
                ]
            ],
            "colmap_im_id": 31
        },
        {
            "file_path": "images/pinhole_duplicate1_00032.jpg",
            "mask_path": "masks/mask_pinhole_duplicate1_00032.jpg",
            "transform_matrix": [
                [
                    -1.0,
                    3.720346723891479e-06,
                    -2.1099134737880052e-05,
                    -177.61799861983565
                ],
                [
                    -2.1424622900606367e-05,
                    -0.17364817766693033,
                    0.984807753012208,
                    354.65715020623645
                ],
                [
                    0.0,
                    0.984807753012208,
                    0.17364817766693033,
                    1.5
                ],
                [
                    0.0,
                    0.0,
                    0.0,
                    1.0
                ]
            ],
            "colmap_im_id": 32
        },
        {
            "file_path": "images/pinhole_duplicate1_00033.jpg",
            "mask_path": "masks/mask_pinhole_duplicate1_00033.jpg",
            "transform_matrix": [
                [
                    -1.0,
                    3.1784659039513135e-06,
                    -1.8025975895353854e-05,
                    -178.4980053749885
                ],
                [
                    -1.8304055629353273e-05,
                    -0.17364817766693033,
                    0.984807753012208,
                    354.6571228092256
                ],
                [
                    0.0,
                    0.984807753012208,
                    0.17364817766693033,
                    1.5
                ],
                [
                    0.0,
                    0.0,
                    0.0,
                    1.0
                ]
            ],
            "colmap_im_id": 33
        },
        {
            "file_path": "images/pinhole_duplicate1_00034.jpg",
            "mask_path": "masks/mask_pinhole_duplicate1_00034.jpg",
            "transform_matrix": [
                [
                    -1.0,
                    2.29604984213372e-06,
                    -1.3021545726629081e-05,
                    -179.37801330677993
                ],
                [
                    -1.322242405870627e-05,
                    -0.17364817766693033,
                    0.984807753012208,
                    354.65709737327904
                ],
                [
                    0.0,
                    0.984807753012208,
                    0.17364817766693033,
                    1.5
                ],
                [
                    0.0,
                    0.0,
                    0.0,
                    1.0
                ]
            ],
            "colmap_im_id": 34
        },
        {
            "file_path": "images/pinhole_duplicate1_00035.jpg",
            "mask_path": "masks/mask_pinhole_duplicate1_00035.jpg",
            "transform_matrix": [
                [
                    -1.0,
                    3.060482414604474e-06,
                    -1.7356858277206065e-05,
                    -180.2580155482774
                ],
                [
                    -1.7624615793404403e-05,
                    -0.17364817766693033,
                    0.984807753012208,
                    354.6570929710873
                ],
                [
                    0.0,
                    0.984807753012208,
                    0.17364817766693033,
                    1.5
                ],
                [
                    0.0,
                    0.0,
                    0.0,
                    1.0
                ]
            ],
            "colmap_im_id": 35
        },
        {
            "file_path": "images/pinhole_duplicate1_00036.jpg",
            "mask_path": "masks/mask_pinhole_duplicate1_00036.jpg",
            "transform_matrix": [
                [
                    -1.0,
                    3.6702538211872086e-06,
                    -2.0815043769481444e-05,
                    -181.1380030653807
                ],
                [
                    -2.113614937109803e-05,
                    -0.17364817766693033,
                    0.984807753012208,
                    354.6570589419756
                ],
                [
                    0.0,
                    0.984807753012208,
                    0.17364817766693033,
                    1.5
                ],
                [
                    0.0,
                    0.0,
                    0.0,
                    1.0
                ]
            ],
            "colmap_im_id": 36
        },
        {
            "file_path": "images/pinhole_duplicate1_00037.jpg",
            "mask_path": "masks/mask_pinhole_duplicate1_00037.jpg",
            "transform_matrix": [
                [
                    -1.0,
                    3.1955238339446388e-06,
                    -1.812271622360531e-05,
                    -182.0180095885098
                ],
                [
                    -1.8402288333102363e-05,
                    -0.17364817766693033,
                    0.984807753012208,
                    354.65706167583664
                ],
                [
                    0.0,
                    0.984807753012208,
                    0.17364817766693033,
                    1.5
                ],
                [
                    0.0,
                    0.0,
                    0.0,
                    1.0
                ]
            ],
            "colmap_im_id": 37
        },
        {
            "file_path": "images/pinhole_duplicate1_00038.jpg",
            "mask_path": "masks/mask_pinhole_duplicate1_00038.jpg",
            "transform_matrix": [
                [
                    -1.0,
                    2.3116099441137808e-06,
                    -1.3109791450099994e-05,
                    -182.89801752547663
                ],
                [
                    -1.3312031114703745e-05,
                    -0.17364817766693033,
                    0.984807753012208,
                    354.65703624851574
                ],
                [
                    0.0,
                    0.984807753012208,
                    0.17364817766693033,
                    1.5
                ],
                [
                    0.0,
                    0.0,
                    0.0,
                    1.0
                ]
            ],
            "colmap_im_id": 38
        },
        {
            "file_path": "images/pinhole_duplicate1_00039.jpg",
            "mask_path": "masks/mask_pinhole_duplicate1_00039.jpg",
            "transform_matrix": [
                [
                    -1.0,
                    2.7620472899058724e-06,
                    -1.566434858016754e-05,
                    -183.7780055931209
                ],
                [
                    -1.5905996406156803e-05,
                    -0.17364817766693033,
                    0.984807753012208,
                    354.65703365455045
                ],
                [
                    0.0,
                    0.984807753012208,
                    0.17364817766693033,
                    1.5
                ],
                [
                    0.0,
                    0.0,
                    0.0,
                    1.0
                ]
            ],
            "colmap_im_id": 39
        },
        {
            "file_path": "images/pinhole_duplicate1_00040.jpg",
            "mask_path": "masks/mask_pinhole_duplicate1_00040.jpg",
            "transform_matrix": [
                [
                    -1.0,
                    3.5832218643202953e-06,
                    -2.0321461014776366e-05,
                    -184.65800763855987
                ],
                [
                    -2.0634952306802618e-05,
                    -0.17364817766693033,
                    0.984807753012208,
                    354.65702892559455
                ],
                [
                    0.0,
                    0.984807753012208,
                    0.17364817766693033,
                    1.5
                ],
                [
                    0.0,
                    0.0,
                    0.0,
                    1.0
                ]
            ],
            "colmap_im_id": 40
        },
        {
            "file_path": "images/pinhole_duplicate1_00041.jpg",
            "mask_path": "masks/mask_pinhole_duplicate1_00041.jpg",
            "transform_matrix": [
                [
                    -1.0,
                    3.0296698623704017e-06,
                    -1.7182111609904948e-05,
                    -185.53801443403972
                ],
                [
                    -1.7447173377088505e-05,
                    -0.17364817766693033,
                    0.984807753012208,
                    354.65700159579535
                ],
                [
                    0.0,
                    0.984807753012208,
                    0.17364817766693033,
                    1.5
                ],
                [
                    0.0,
                    0.0,
                    0.0,
                    1.0
                ]
            ],
            "colmap_im_id": 41
        },
        {
            "file_path": "images/pinhole_duplicate1_00042.jpg",
            "mask_path": "masks/mask_pinhole_duplicate1_00042.jpg",
            "transform_matrix": [
                [
                    -1.0,
                    3.5544024151574374e-06,
                    -2.0158017796687656e-05,
                    -186.41800224497456
                ],
                [
                    -2.0468987713623094e-05,
                    -0.17364817766693033,
                    0.984807753012208,
                    354.6569680564029
                ],
                [
                    0.0,
                    0.984807753012208,
                    0.17364817766693033,
                    1.5
                ],
                [
                    0.0,
                    0.0,
                    0.0,
                    1.0
                ]
