{
    "camera_model": "OPENCV",
    "w": 1280,
    "h": 720,
    "fl_x": 751.3418667502033,
    "fl_y": 750.6179165472433,
    "cx": 640,
    "cy": 360,
    "k1": 0,
    "k2": 0,
    "k3": 0,
    "p1": 0,
    "p2": 0,
    "frames": [
        {
            "file_path": "images/pinhole_duplicate2_00000.jpg",
            "mask_path": "masks/mask_pinhole_duplicate2_00000.jpg",
            "transform_matrix": [
                [
                    1.0,
                    -3.0484896828653786e-06,
                    1.7288844115726578e-05,
                    -149.460597081183
                ],
                [
                    1.755555240385304e-05,
                    0.17364817766693033,
                    -0.984807753012208,
                    355.8576728741351
                ],
                [
                    0.0,
                    0.984807753012208,
                    0.17364817766693033,
                    1.1646527647972107
                ],
                [
                    0.0,
                    0.0,
                    0.0,
                    1.0
                ]
            ],
            "colmap_im_id": 0
        },
        {
            "file_path": "images/pinhole_duplicate2_00001.jpg",
            "mask_path": "masks/mask_pinhole_duplicate2_00001.jpg",
            "transform_matrix": [
                [
                    1.0,
                    -3.0484896828653786e-06,
                    1.7288844115726578e-05,
                    -150.34031204700332
                ],
                [
                    1.755555240385304e-05,
                    0.17364817766693033,
                    -0.984807753012208,
                    355.857642356557
                ],
                [
                    0.0,
                    0.984807753012208,
                    0.17364817766693033,
                    1.5
                ],
                [
                    0.0,
                    0.0,
                    0.0,
                    1.0
                ]
            ],
            "colmap_im_id": 1
        },
        {
            "file_path": "images/pinhole_duplicate2_00002.jpg",
            "mask_path": "masks/mask_pinhole_duplicate2_00002.jpg",
            "transform_matrix": [
                [
                    1.0,
                    -2.8495982116666354e-06,
                    1.616087453104013e-05,
                    -151.219675373453
                ],
                [
                    1.6410182070164708e-05,
                    0.17364817766693033,
                    -0.984807753012208,
                    355.8576435019273
                ],
                [
                    0.0,
                    0.984807753012208,
                    0.17364817766693033,
                    1.5
                ],
                [
                    0.0,
                    0.0,
                    0.0,
                    1.0
                ]
            ],
            "colmap_im_id": 2
        },
        {
            "file_path": "images/pinhole_duplicate2_00003.jpg",
            "mask_path": "masks/mask_pinhole_duplicate2_00003.jpg",
            "transform_matrix": [
                [
                    1.0,
                    -3.449513076040613e-06,
                    1.9563160794682692e-05,
                    -152.0989956836209
                ],
                [
                    1.9864954083520686e-05,
                    0.17364817766693033,
                    -0.984807753012208,
                    355.8576095295772
                ],
                [
                    0.0,
                    0.984807753012208,
                    0.17364817766693033,
                    1.5
                ],
                [
                    0.0,
                    0.0,
                    0.0,
                    1.0
                ]
            ],
            "colmap_im_id": 3
        },
        {
            "file_path": "images/pinhole_duplicate2_00004.jpg",
            "mask_path": "masks/mask_pinhole_duplicate2_00004.jpg",
            "transform_matrix": [
                [
                    1.0,
                    -3.125419671043926e-06,
                    1.772513575906698e-05,
                    -152.9784501301994
                ],
                [
                    1.799857454904425e-05,
                    0.17364817766693033,
                    -0.984807753012208,
                    355.8576113959567
                ],
                [
                    0.0,
                    0.984807753012208,
                    0.17364817766693033,
                    1.5
                ],
                [
                    0.0,
                    0.0,
                    0.0,
                    1.0
                ]
            ],
            "colmap_im_id": 4
        },
        {
            "file_path": "images/pinhole_duplicate2_00005.jpg",
            "mask_path": "masks/mask_pinhole_duplicate2_00005.jpg",
            "transform_matrix": [
                [
                    1.0,
                    -3.5065786808521835e-06,
                    1.988679592177604e-05,
                    -153.85810537786784
                ],
                [
                    2.0193581804112298e-05,
                    0.17364817766693033,
                    -0.984807753012208,
                    355.85757868337134
                ],
                [
                    0.0,
                    0.984807753012208,
                    0.17364817766693033,
                    1.5
                ],
                [
                    0.0,
                    0.0,
                    0.0,
                    1.0
                ]
            ],
            "colmap_im_id": 5
        },
        {
            "file_path": "images/pinhole_duplicate2_00006.jpg",
            "mask_path": "masks/mask_pinhole_duplicate2_00006.jpg",
            "transform_matrix": [
                [
                    1.0,
                    -2.8416371704928008e-06,
                    1.6115725222965734e-05,
                    -154.73792485766427
                ],
                [
                    1.6364336261237738e-05,
                    0.17364817766693033,
                    -0.984807753012208,
                    355.8575825126169
                ],
                [
                    0.0,
                    0.984807753012208,
                    0.17364817766693033,
                    1.5
                ],
                [
                    0.0,
                    0.0,
                    0.0,
                    1.0
                ]
            ],
            "colmap_im_id": 6
        },
        {
            "file_path": "images/pinhole_duplicate2_00007.jpg",
            "mask_path": "masks/mask_pinhole_duplicate2_00007.jpg",
            "transform_matrix": [
                [
                    1.0,
                    -3.3667822419186648e-06,
                    1.909397091920508e-05,
                    -155.61787051983447
                ],
                [
                    1.938852619793336e-05,
                    0.17364817766693033,
                    -0.984807753012208,
                    355.8575489708488
                ],
                [
                    0.0,
                    0.984807753012208,
                    0.17364817766693033,
                    1.5
                ],
                [
                    0.0,
                    0.0,
                    0.0,
                    1.0
                ]
            ],
            "colmap_im_id": 7
        },
        {
            "file_path": "images/pinhole_duplicate2_00008.jpg",
            "mask_path": "masks/mask_pinhole_duplicate2_00008.jpg",
            "transform_matrix": [
                [
                    1.0,
                    -4.019006112189883e-06,
                    2.2792916296994936e-05,
                    -156.49787765625152
                ],
                [
                    2.314453377045295e-05,
                    0.17364817766693033,
                    -0.984807753012208,
                    355.85754521484125
                ],
                [
                    0.0,
                    0.984807753012208,
                    0.17364817766693033,
                    1.5
                ],
                [
                    0.0,
                    0.0,
                    0.0,
                    1.0
                ]
            ],
            "colmap_im_id": 8
        },
        {
            "file_path": "images/pinhole_duplicate2_00009.jpg",
            "mask_path": "masks/mask_pinhole_duplicate2_00009.jpg",
            "transform_matrix": [
                [
                    1.0,
                    -4.672497861340317e-06,
                    2.6499052173221972e-05,
                    -157.37791531462753
                ],
                [
                    2.6907842766438377e-05,
                    0.17364817766693033,
                    -0.984807753012208,
                    355.85751093395413
                ],
                [
                    0.0,
                    0.984807753012208,
                    0.17364817766693033,
                    1.5
                ],
                [
                    0.0,
                    0.0,
                    0.0,
                    1.0
                ]
            ],
            "colmap_im_id": 9
        },
        {
            "file_path": "images/pinhole_duplicate2_00010.jpg",
            "mask_path": "masks/mask_pinhole_duplicate2_00010.jpg",
            "transform_matrix": [
                [
                    1.0,
                    -3.692075299128422e-06,
                    2.0938799520606637e-05,
                    -158.2579625861901
                ],
                [
                    2.1261814254164462e-05,
                    0.17364817766693033,
                    -0.984807753012208,
                    355.8574860624045
                ],
                [
                    0.0,
                    0.984807753012208,
                    0.17364817766693033,
                    1.5
                ],
                [
                    0.0,
                    0.0,
                    0.0,
                    1.0
                ]
            ],
            "colmap_im_id": 10
        },
        {
            "file_path": "images/pinhole_duplicate2_00011.jpg",
            "mask_path": "masks/mask_pinhole_duplicate2_00011.jpg",
            "transform_matrix": [
                [
                    1.0,
                    -2.8354512860955473e-06,
                    1.6080643329245333e-05,
                    -159.1379950267201
                ],
                [
                    1.6328713172758696e-05,
                    0.17364817766693033,
                    -0.984807753012208,
                    355.8574909955056
                ],
                [
                    0.0,
                    0.984807753012208,
                    0.17364817766693033,
                    1.5
                ],
                [
                    0.0,
                    0.0,
                    0.0,
                    1.0
                ]
            ],
            "colmap_im_id": 11
        },
        {
            "file_path": "images/pinhole_duplicate2_00012.jpg",
            "mask_path": "masks/mask_pinhole_duplicate2_00012.jpg",
            "transform_matrix": [
                [
                    1.0,
                    -4.476806410302347e-06,
                    2.5389230804695723e-05,
                    -160.01802083963412
                ],
                [
                    2.5780900614397367e-05,
                    0.17364817766693033,
                    -0.984807753012208,
                    355.85745102574003
                ],
                [
                    0.0,
                    0.984807753012208,
                    0.17364817766693033,
                    1.5
                ],
                [
                    0.0,
                    0.0,
                    0.0,
                    1.0
                ]
            ],
            "colmap_im_id": 12
        },
        {
            "file_path": "images/pinhole_duplicate2_00013.jpg",
            "mask_path": "masks/mask_pinhole_duplicate2_00013.jpg",
            "transform_matrix": [
                [
                    1.0,
                    -2.70114425100904e-06,
                    1.5318950282912464e-05,
                    -160.89803484585718
                ],
                [
                    1.555526978342398e-05,
                    0.17364817766693033,
                    -0.984807753012208,
                    355.85746125137086
                ],
                [
                    0.0,
                    0.984807753012208,
                    0.17364817766693033,
                    1.5
                ],
                [
                    0.0,
                    0.0,
                    0.0,
                    1.0
                ]
            ],
            "colmap_im_id": 13
        },
        {
            "file_path": "images/pinhole_duplicate2_00014.jpg",
            "mask_path": "masks/mask_pinhole_duplicate2_00014.jpg",
            "transform_matrix": [
                [
                    1.0,
                    -2.8573473079655438e-06,
                    1.6204821839998595e-05,
                    -161.7780402683922
                ],
                [
                    1.6454807337201898e-05,
                    0.17364817766693033,
                    -0.984807753012208,
                    355.8574298342552
                ],
                [
                    0.0,
                    0.984807753012208,
                    0.17364817766693033,
                    1.5
                ],
                [
                    0.0,
                    0.0,
                    0.0,
                    1.0
                ]
            ],
            "colmap_im_id": 14
        },
        {
            "file_path": "images/pinhole_duplicate2_00015.jpg",
            "mask_path": "masks/mask_pinhole_duplicate2_00015.jpg",
            "transform_matrix": [
                [
                    1.0,
                    -2.3594722138933707e-06,
                    1.338123187054662e-05,
                    -162.65802817212662
                ],
                [
                    1.3587658941166706e-05,
                    0.17364817766693033,
                    -0.984807753012208,
                    355.8574327014036
                ],
                [
                    0.0,
                    0.984807753012208,
                    0.17364817766693033,
                    1.5
                ],
                [
                    0.0,
                    0.0,
                    0.0,
                    1.0
                ]
            ],
            "colmap_im_id": 15
        },
        {
            "file_path": "images/pinhole_duplicate2_00016.jpg",
            "mask_path": "masks/mask_pinhole_duplicate2_00016.jpg",
            "transform_matrix": [
                [
                    1.0,
                    -4.341638961148329e-06,
                    2.462265810770444e-05,
                    -163.53803990384512
                ],
                [
                    2.5002502297927392e-05,
                    0.17364817766693033,
                    -0.984807753012208,
                    355.8573907689821
                ],
                [
                    0.0,
                    0.984807753012208,
                    0.17364817766693033,
                    1.5
                ],
                [
                    0.0,
                    0.0,
                    0.0,
                    1.0
                ]
            ],
            "colmap_im_id": 16
        },
        {
            "file_path": "images/pinhole_duplicate2_00017.jpg",
            "mask_path": "masks/mask_pinhole_duplicate2_00017.jpg",
            "transform_matrix": [
                [
                    1.0,
                    -3.984885514240306e-06,
                    2.2599408770169015e-05,
                    -164.41802829519185
                ],
                [
                    2.2948041078113717e-05,
                    0.17364817766693033,
                    -0.984807753012208,
                    355.8573623058652
                ],
                [
                    0.0,
                    0.984807753012208,
                    0.17364817766693033,
                    1.5
                ],
                [
                    0.0,
                    0.0,
                    0.0,
                    1.0
                ]
            ],
            "colmap_im_id": 17
        },
        {
            "file_path": "images/pinhole_duplicate2_00018.jpg",
            "mask_path": "masks/mask_pinhole_duplicate2_00018.jpg",
            "transform_matrix": [
                [
                    1.0,
                    -2.997507622451842e-06,
                    1.6999710483376638e-05,
                    -165.29802976635474
                ],
                [
                    1.7261958419173722e-05,
                    0.17364817766693033,
                    -0.984807753012208,
                    355.85736799194785
                ],
                [
                    0.0,
                    0.984807753012208,
                    0.17364817766693033,
                    1.5
                ],
                [
                    0.0,
                    0.0,
                    0.0,
                    1.0
                ]
            ],
            "colmap_im_id": 18
        },
        {
            "file_path": "images/pinhole_duplicate2_00019.jpg",
            "mask_path": "masks/mask_pinhole_duplicate2_00019.jpg",
            "transform_matrix": [
                [
                    1.0,
                    -4.6804892254768835e-06,
                    2.6544373451363626e-05,
                    -166.17802520552104
                ],
                [
                    2.6953863198348087e-05,
                    0.17364817766693033,
                    -0.984807753012208,
                    355.85732778246495
                ],
                [
                    0.0,
                    0.984807753012208,
                    0.17364817766693033,
                    1.5
                ],
                [
                    0.0,
                    0.0,
                    0.0,
                    1.0
                ]
            ],
            "colmap_im_id": 19
        },
        {
            "file_path": "images/pinhole_duplicate2_00020.jpg",
            "mask_path": "masks/mask_pinhole_duplicate2_00020.jpg",
            "transform_matrix": [
                [
                    1.0,
                    -4.222270407305883e-06,
                    2.394568539846372e-05,
                    -167.05802850506734
                ],
                [
                    2.4315086193443974e-05,
                    0.17364817766693033,
                    -0.984807753012208,
                    355.85729990366383
                ],
                [
                    0.0,
                    0.984807753012208,
                    0.17364817766693033,
                    1.5
                ],
                [
                    0.0,
                    0.0,
                    0.0,
                    1.0
                ]
            ],
            "colmap_im_id": 20
        },
        {
            "file_path": "images/pinhole_duplicate2_00021.jpg",
            "mask_path": "masks/mask_pinhole_duplicate2_00021.jpg",
            "transform_matrix": [
                [
                    1.0,
                    -4.488728388483001e-06,
                    2.5456843702805548e-05,
                    -167.93803430856207
                ],
                [
                    2.58495565504448e-05,
                    0.17364817766693033,
                    -0.984807753012208,
                    355.8572983691935
                ],
                [
                    0.0,
                    0.984807753012208,
                    0.17364817766693033,
                    1.5
                ],
                [
                    0.0,
                    0.0,
                    0.0,
                    1.0
                ]
            ],
            "colmap_im_id": 21
        },
        {
            "file_path": "images/pinhole_duplicate2_00022.jpg",
            "mask_path": "masks/mask_pinhole_duplicate2_00022.jpg",
            "transform_matrix": [
                [
                    1.0,
                    -2.5600181817461584e-06,
                    1.4518584572027775e-05,
                    -168.81803252717492
                ],
                [
                    1.4742557141350813e-05,
                    0.17364817766693033,
                    -0.984807753012208,
                    355.85727895861476
                ],
                [
                    0.0,
                    0.984807753012208,
                    0.17364817766693033,
                    1.5
                ],
                [
                    0.0,
                    0.0,
                    0.0,
                    1.0
                ]
            ],
            "colmap_im_id": 22
        },
        {
            "file_path": "images/pinhole_duplicate2_00023.jpg",
            "mask_path": "masks/mask_pinhole_duplicate2_00023.jpg",
            "transform_matrix": [
                [
                    1.0,
                    -2.379475893370396e-06,
                    1.3494678374290135e-05,
                    -169.6980215273774
                ],
                [
                    1.3702855540093265e-05,
                    0.17364817766693033,
                    -0.984807753012208,
                    355.85727999831636
                ],
                [
                    0.0,
                    0.984807753012208,
                    0.17364817766693033,
                    1.5
                ],
                [
                    0.0,
                    0.0,
                    0.0,
                    1.0
                ]
            ],
            "colmap_im_id": 23
        },
        {
            "file_path": "images/pinhole_duplicate2_00024.jpg",
            "mask_path": "masks/mask_pinhole_duplicate2_00024.jpg",
            "transform_matrix": [
                [
                    1.0,
                    -3.311626667894992e-06,
                    1.8781168114994045e-05,
                    -170.5780296310153
                ],
                [
                    1.9070897906264988e-05,
                    0.17364817766693033,
                    -0.984807753012208,
                    355.85724411269587
                ],
                [
                    0.0,
                    0.984807753012208,
                    0.17364817766693033,
                    1.5
                ],
                [
                    0.0,
                    0.0,
                    0.0,
                    1.0
                ]
            ],
            "colmap_im_id": 24
        },
        {
            "file_path": "images/pinhole_duplicate2_00025.jpg",
            "mask_path": "masks/mask_pinhole_duplicate2_00025.jpg",
            "transform_matrix": [
                [
                    1.0,
                    -1.5794951747202147e-06,
                    8.957762268564652e-06,
                    -171.4580285288592
                ],
                [
                    9.09595019044657e-06,
                    0.17364817766693033,
                    -0.984807753012208,
                    355.8572540876436
                ],
                [
                    0.0,
                    0.984807753012208,
                    0.17364817766693033,
                    1.5
                ],
                [
                    0.0,
                    0.0,
                    0.0,
                    1.0
                ]
            ],
            "colmap_im_id": 25
        },
        {
            "file_path": "images/pinhole_duplicate2_00026.jpg",
            "mask_path": "masks/mask_pinhole_duplicate2_00026.jpg",
            "transform_matrix": [
                [
                    1.0,
                    -1.8523304539968293e-06,
                    1.0505088027676438e-05,
                    -172.33801909560006
                ],
                [
                    1.0667145943504989e-05,
                    0.17364817766693033,
                    -0.984807753012208,
                    355.85725251644783
                ],
                [
                    0.0,
                    0.984807753012208,
                    0.17364817766693033,
                    1.5
                ],
                [
                    0.0,
                    0.0,
                    0.0,
                    1.0
                ]
            ],
            "colmap_im_id": 26
        },
        {
            "file_path": "images/pinhole_duplicate2_00027.jpg",
            "mask_path": "masks/mask_pinhole_duplicate2_00027.jpg",
            "transform_matrix": [
                [
                    1.0,
                    -3.0682501469121606e-06,
                    1.7400911276222304e-05,
                    -173.21802817973403
                ],
                [
                    1.766934838093887e-05,
                    0.17364817766693033,
                    -0.984807753012208,
                    355.85721499666727
                ],
                [
                    0.0,
                    0.984807753012208,
                    0.17364817766693033,
                    1.5
                ],
                [
                    0.0,
                    0.0,
                    0.0,
                    1.0
                ]
            ],
            "colmap_im_id": 27
        },
        {
            "file_path": "images/pinhole_duplicate2_00028.jpg",
            "mask_path": "masks/mask_pinhole_duplicate2_00028.jpg",
            "transform_matrix": [
                [
                    1.0,
                    -3.969214859791954e-06,
                    2.251053607249456e-05,
                    -174.09803617561593
                ],
                [
                    2.2857797375825e-05,
                    0.17364817766693033,
                    -0.984807753012208,
                    355.8572098082183
                ],
                [
                    0.0,
                    0.984807753012208,
                    0.17364817766693033,
                    1.5
                ],
                [
                    0.0,
                    0.0,
                    0.0,
                    1.0
                ]
            ],
            "colmap_im_id": 28
        },
        {
            "file_path": "images/pinhole_duplicate2_00029.jpg",
            "mask_path": "masks/mask_pinhole_duplicate2_00029.jpg",
            "transform_matrix": [
                [
                    1.0,
                    -3.2916024572452837e-06,
                    1.8667605173184157e-05,
                    -174.9780234583108
                ],
                [
                    1.89555830730272e-05,
                    0.17364817766693033,
                    -0.984807753012208,
                    355.85718319285445
                ],
                [
                    0.0,
                    0.984807753012208,
                    0.17364817766693033,
                    1.5
                ],
                [
                    0.0,
                    0.0,
                    0.0,
                    1.0
                ]
            ],
            "colmap_im_id": 29
        },
        {
            "file_path": "images/pinhole_duplicate2_00030.jpg",
            "mask_path": "masks/mask_pinhole_duplicate2_00030.jpg",
            "transform_matrix": [
                [
                    1.0,
                    -2.471059295356908e-06,
                    1.4014073656954983e-05,
                    -175.85802550593144
                ],
                [
                    1.423026333219907e-05,
                    0.17364817766693033,
                    -0.984807753012208,
                    355.8571879181742
                ],
                [
                    0.0,
                    0.984807753012208,
                    0.17364817766693033,
                    1.5
                ],
                [
                    0.0,
                    0.0,
                    0.0,
                    1.0
                ]
            ],
            "colmap_im_id": 30
        },
        {
            "file_path": "images/pinhole_duplicate2_00031.jpg",
            "mask_path": "masks/mask_pinhole_duplicate2_00031.jpg",
            "transform_matrix": [
                [
                    1.0,
                    -2.867106248138008e-06,
                    1.626016753997743e-05,
                    -176.73803175719004
                ],
                [
                    1.651100683381385e-05,
                    0.17364817766693033,
                    -0.984807753012208,
                    355.85715511985256
                ],
                [
                    0.0,
                    0.984807753012208,
                    0.17364817766693033,
                    1.5
                ],
                [
                    0.0,
                    0.0,
                    0.0,
                    1.0
                ]
            ],
            "colmap_im_id": 31
        },
        {
            "file_path": "images/pinhole_duplicate2_00032.jpg",
            "mask_path": "masks/mask_pinhole_duplicate2_00032.jpg",
            "transform_matrix": [
                [
                    1.0,
                    -3.7203467239127444e-06,
                    2.1099134738000656e-05,
                    -177.6180243293831
                ],
                [
                    2.1424622900728834e-05,
                    0.17364817766693033,
                    -0.984807753012208,
                    355.8571502062365
                ],
                [
                    0.0,
                    0.984807753012208,
                    0.17364817766693033,
                    1.5
                ],
                [
                    0.0,
                    0.0,
                    0.0,
                    1.0
                ]
            ],
            "colmap_im_id": 32
        },
        {
            "file_path": "images/pinhole_duplicate2_00033.jpg",
            "mask_path": "masks/mask_pinhole_duplicate2_00033.jpg",
            "transform_matrix": [
                [
                    1.0,
                    -3.178465903972579e-06,
                    1.8025975895474458e-05,
                    -178.49802733985524
                ],
                [
                    1.830405562947574e-05,
                    0.17364817766693033,
                    -0.984807753012208,
                    355.85712280922564
                ],
                [
                    0.0,
                    0.984807753012208,
                    0.17364817766693033,
                    1.5
                ],
                [
                    0.0,
                    0.0,
                    0.0,
                    1.0
                ]
            ],
            "colmap_im_id": 33
        },
        {
            "file_path": "images/pinhole_duplicate2_00034.jpg",
            "mask_path": "masks/mask_pinhole_duplicate2_00034.jpg",
            "transform_matrix": [
                [
                    1.0,
                    -2.2960498421549857e-06,
                    1.3021545726749685e-05,
                    -179.37802917368882
                ],
                [
                    1.3222424058828733e-05,
                    0.17364817766693033,
                    -0.984807753012208,
                    355.8570973732791
                ],
                [
                    0.0,
                    0.984807753012208,
                    0.17364817766693033,
                    1.5
                ],
                [
                    0.0,
                    0.0,
                    0.0,
                    1.0
                ]
            ],
            "colmap_im_id": 34
        },
        {
            "file_path": "images/pinhole_duplicate2_00035.jpg",
            "mask_path": "masks/mask_pinhole_duplicate2_00035.jpg",
            "transform_matrix": [
                [
                    1.0,
                    -3.0604824146257398e-06,
                    1.735685827732667e-05,
                    -180.25803669781635
                ],
                [
                    1.762461579352687e-05,
                    0.17364817766693033,
                    -0.984807753012208,
                    355.85709297108735
                ],
                [
                    0.0,
                    0.984807753012208,
                    0.17364817766693033,
                    1.5
                ],
                [
                    0.0,
                    0.0,
                    0.0,
                    1.0
                ]
            ],
            "colmap_im_id": 35
        },
        {
            "file_path": "images/pinhole_duplicate2_00036.jpg",
            "mask_path": "masks/mask_pinhole_duplicate2_00036.jpg",
            "transform_matrix": [
                [
                    1.0,
                    -3.670253821208474e-06,
                    2.0815043769602048e-05,
                    -181.13802842875992
                ],
                [
                    2.1136149371220497e-05,
                    0.17364817766693033,
                    -0.984807753012208,
                    355.85705894197565
                ],
                [
                    0.0,
                    0.984807753012208,
                    0.17364817766693033,
                    1.5
                ],
                [
                    0.0,
                    0.0,
                    0.0,
                    1.0
                ]
            ],
            "colmap_im_id": 36
        },
        {
            "file_path": "images/pinhole_duplicate2_00037.jpg",
            "mask_path": "masks/mask_pinhole_duplicate2_00037.jpg",
            "transform_matrix": [
                [
                    1.0,
                    -3.1955238339659044e-06,
                    1.8122716223725913e-05,
                    -182.0180316712558
                ],
                [
                    1.840228833322483e-05,
                    0.17364817766693033,
                    -0.984807753012208,
                    355.8570616758367
                ],
                [
                    0.0,
                    0.984807753012208,
                    0.17364817766693033,
                    1.5
                ],
                [
                    0.0,
                    0.0,
                    0.0,
                    1.0
                ]
            ],
            "colmap_im_id": 37
        },
        {
            "file_path": "images/pinhole_duplicate2_00038.jpg",
            "mask_path": "masks/mask_pinhole_duplicate2_00038.jpg",
            "transform_matrix": [
                [
                    1.0,
                    -2.3116099441350464e-06,
                    1.3109791450220598e-05,
                    -182.898033499914
                ],
                [
                    1.331203111482621e-05,
                    0.17364817766693033,
                    -0.984807753012208,
                    355.8570362485158
                ],
                [
                    0.0,
                    0.984807753012208,
                    0.17364817766693033,
                    1.5
                ],
                [
                    0.0,
                    0.0,
                    0.0,
                    1.0
                ]
            ],
            "colmap_im_id": 38
        },
        {
            "file_path": "images/pinhole_duplicate2_00039.jpg",
            "mask_path": "masks/mask_pinhole_duplicate2_00039.jpg",
            "transform_matrix": [
                [
                    1.0,
                    -2.762047289927138e-06,
                    1.5664348580288143e-05,
                    -183.7780246803166
                ],
                [
                    1.590599640627927e-05,
                    0.17364817766693033,
                    -0.984807753012208,
                    355.8570336545505
                ],
                [
                    0.0,
                    0.984807753012208,
                    0.17364817766693033,
                    1.5
                ],
                [
                    0.0,
                    0.0,
                    0.0,
                    1.0
                ]
            ],
            "colmap_im_id": 39
        },
        {
            "file_path": "images/pinhole_duplicate2_00040.jpg",
            "mask_path": "masks/mask_pinhole_duplicate2_00040.jpg",
            "transform_matrix": [
                [
                    1.0,
                    -3.583221864341561e-06,
                    2.032146101489697e-05,
                    -184.65803240050263
                ],
                [
                    2.0634952306925086e-05,
                    0.17364817766693033,
                    -0.984807753012208,
                    355.8570289255946
                ],
                [
                    0.0,
                    0.984807753012208,
                    0.17364817766693033,
                    1.5
                ],
                [
                    0.0,
                    0.0,
                    0.0,
                    1.0
                ]
            ],
            "colmap_im_id": 40
        },
        {
            "file_path": "images/pinhole_duplicate2_00041.jpg",
            "mask_path": "masks/mask_pinhole_duplicate2_00041.jpg",
            "transform_matrix": [
                [
                    1.0,
                    -3.0296698623916673e-06,
                    1.7182111610025552e-05,
                    -185.53803537064778
                ],
                [
                    1.7447173377210972e-05,
                    0.17364817766693033,
                    -0.984807753012208,
                    355.8570015957954
                ],
                [
                    0.0,
                    0.984807753012208,
                    0.17364817766693033,
                    1.5
                ],
                [
                    0.0,
                    0.0,
                    0.0,
                    1.0
                ]
            ],
            "colmap_im_id": 41
        },
        {
            "file_path": "images/pinhole_duplicate2_00042.jpg",
            "mask_path": "masks/mask_pinhole_duplicate2_00042.jpg",
            "transform_matrix": [
                [
                    1.0,
                    -3.554402415178703e-06,
                    2.015801779680826e-05,
                    -186.41802680775982
                ],
                [
                    2.046898771374556e-05,
                    0.17364817766693033,
                    -0.984807753012208,
                    355.85696805640293
                ],
                [
                    0.0,
                    0.984807753012208,
                    0.17364817766693033,
                    1.5
                ],
                [
                    0.0,
                    0.0,
                    0.0,
                    1.0
                ]
            ],
            "colmap_im_id": 42
        },
        {
