{
    "camera_model": "OPENCV",
    "w": 1280,
    "h": 720,
    "fl_x": 751.3418667502033,
    "fl_y": 750.6179165472433,
    "cx": 640,
    "cy": 360,
    "k1": 0,
    "k2": 0,
    "k3": 0,
    "p1": 0,
    "p2": 0,
    "frames": [
        {
            "file_path": "images/pinhole_duplicate0_00000.jpg",
            "mask_path": "masks/mask_pinhole_duplicate0_00000.jpg",
            "transform_matrix": [
                [
                    -0.05019814538998901,
                    0.1226737803398625,
                    -0.9911767199267395,
                    -148.63962125778198
                ],
                [
                    -0.9985839657734658,
                    -0.02366628345280715,
                    0.04764420883871051,
                    355.2576872866343
                ],
                [
                    -0.01761277399063514,
                    0.9921648303832732,
                    0.12368807356768725,
                    1.148991048336029
                ],
                [
                    0.0,
                    0.0,
                    0.0,
                    1.0
                ]
            ],
            "colmap_im_id": 0
        },
        {
            "file_path": "images/pinhole_duplicate0_00001.jpg",
            "mask_path": "masks/mask_pinhole_duplicate0_00001.jpg",
            "transform_matrix": [
                [
                    -0.05019814538998901,
                    0.1226737803398625,
                    -0.9911767199267395,
                    -149.5193362236023
                ],
                [
                    -0.9985839657734658,
                    -0.02366628345280715,
                    0.04764420883871051,
                    355.25765676905615
                ],
                [
                    -0.01761277399063514,
                    0.9921648303832732,
                    0.12368807356768725,
                    1.4843382835388184
                ],
                [
                    0.0,
                    0.0,
                    0.0,
                    1.0
                ]
            ],
            "colmap_im_id": 1
        },
        {
            "file_path": "images/pinhole_duplicate0_00002.jpg",
            "mask_path": "masks/mask_pinhole_duplicate0_00002.jpg",
            "transform_matrix": [
                [
                    -0.05019928913742939,
                    0.12267375323073686,
                    -0.991176665336546,
                    -150.39870023727417
                ],
                [
                    -0.9985839082579201,
                    -0.023666423959239957,
                    0.0476453441021626,
                    355.2576569741172
                ],
                [
                    -0.01761277399063514,
                    0.9921648303832732,
                    0.12368807356768725,
                    1.4843382835388184
                ],
                [
                    0.0,
                    0.0,
                    0.0,
                    1.0
                ]
            ],
            "colmap_im_id": 2
        },
        {
            "file_path": "images/pinhole_duplicate0_00003.jpg",
            "mask_path": "masks/mask_pinhole_duplicate0_00003.jpg",
            "transform_matrix": [
                [
                    -0.05019583926053705,
                    0.12267383499979077,
                    -0.9911768299965406,
                    -151.27801847457886
                ],
                [
                    -0.9985840817416324,
                    -0.023666000150732367,
                    0.047641919815461,
                    355.257625838015
                ],
                [
                    -0.01761277399063514,
                    0.9921648303832732,
                    0.12368807356768725,
                    1.4843382835388184
                ],
                [
                    0.0,
                    0.0,
                    0.0,
                    1.0
                ]
            ],
            "colmap_im_id": 3
        },
        {
            "file_path": "images/pinhole_duplicate0_00004.jpg",
            "mask_path": "masks/mask_pinhole_duplicate0_00004.jpg",
            "transform_matrix": [
                [
                    -0.050197702995568895,
                    0.12267379082550425,
                    -0.991176741041888,
                    -152.1574740409851
                ],
                [
                    -0.9985839880201223,
                    -0.023666229105789905,
                    0.04764376972584447,
                    355.2576261721617
                ],
                [
                    -0.01761277399063514,
                    0.9921648303832732,
                    0.12368807356768725,
                    1.4843382835388184
                ],
                [
                    0.0,
                    0.0,
                    0.0,
                    1.0
                ]
            ],
            "colmap_im_id": 4
        },
        {
            "file_path": "images/pinhole_duplicate0_00005.jpg",
            "mask_path": "masks/mask_pinhole_duplicate0_00005.jpg",
            "transform_matrix": [
                [
                    -0.050195511098454264,
                    0.1226738427778953,
                    -0.9911768456594666,
                    -153.03712797164917
                ],
                [
                    -0.9985840982438955,
                    -0.023665959836864106,
                    0.0476415940875898,
                    355.25759526160107
                ],
                [
                    -0.01761277399063514,
                    0.9921648303832732,
                    0.12368807356768725,
                    1.4843382835388184
                ],
                [
                    0.0,
                    0.0,
                    0.0,
                    1.0
                ]
            ],
            "colmap_im_id": 5
        },
        {
            "file_path": "images/pinhole_duplicate0_00006.jpg",
            "mask_path": "masks/mask_pinhole_duplicate0_00006.jpg",
            "transform_matrix": [
                [
                    -0.05019933491827866,
                    0.1226737521456382,
                    -0.9911766631514609,
                    -153.91694974899292
                ],
                [
                    -0.9985839059557418,
                    -0.023666429583299602,
                    0.04764538954342275,
                    355.2575959471689
                ],
                [
                    -0.01761277399063514,
                    0.9921648303832732,
                    0.12368807356768725,
                    1.4843382835388184
                ],
                [
                    0.0,
                    0.0,
                    0.0,
                    1.0
                ]
            ],
            "colmap_im_id": 6
        },
        {
            "file_path": "images/pinhole_duplicate0_00007.jpg",
            "mask_path": "masks/mask_pinhole_duplicate0_00007.jpg",
            "transform_matrix": [
                [
                    -0.05019631501336444,
                    0.12267382372348735,
                    -0.9911768072892208,
                    -154.79689359664917
                ],
                [
                    -0.9985840578174839,
                    -0.02366605859574419,
                    0.04764239203929128,
                    355.25756488815585
                ],
                [
                    -0.01761277399063514,
                    0.9921648303832732,
                    0.12368807356768725,
                    1.4843382835388184
                ],
                [
                    0.0,
                    0.0,
                    0.0,
                    1.0
                ]
            ],
            "colmap_im_id": 7
        },
        {
            "file_path": "images/pinhole_duplicate0_00008.jpg",
            "mask_path": "masks/mask_pinhole_duplicate0_00008.jpg",
            "transform_matrix": [
                [
                    -0.05019256432773836,
                    0.12267391262231615,
                    -0.9911769863065868,
                    -155.67689847946167
                ],
                [
                    -0.9985842464279435,
                    -0.023665597833656953,
                    0.04763866917516828,
                    355.2575642157001
                ],
                [
                    -0.01761277399063514,
                    0.9921648303832732,
                    0.12368807356768725,
                    1.4843382835388184
                ],
                [
                    0.0,
                    0.0,
                    0.0,
                    1.0
                ]
            ],
            "colmap_im_id": 8
        },
        {
            "file_path": "images/pinhole_duplicate0_00009.jpg",
            "mask_path": "masks/mask_pinhole_duplicate0_00009.jpg",
            "transform_matrix": [
                [
                    -0.050188806351034315,
                    0.12267400169395823,
                    -0.9911771656719506,
                    -156.5569338798523
                ],
                [
                    -0.998584435405049,
                    -0.02366513617587953,
                    0.04763493907405043,
                    355.2575330243591
                ],
                [
                    -0.01761277399063514,
                    0.9921648303832732,
                    0.12368807356768725,
                    1.4843382835388184
                ],
                [
                    0.0,
                    0.0,
                    0.0,
                    1.0
                ]
            ],
            "colmap_im_id": 9
        },
        {
            "file_path": "images/pinhole_duplicate0_00010.jpg",
            "mask_path": "masks/mask_pinhole_duplicate0_00010.jpg",
            "transform_matrix": [
                [
                    -0.05019444437959964,
                    0.1226738680612878,
                    -0.9911768965731445,
                    -157.43698453903198
                ],
                [
                    -0.9985841518859102,
                    -0.02366582879319504,
                    0.04764053528134765,
                    355.257503517616
                ],
                [
                    -0.01761277399063514,
                    0.9921648303832732,
                    0.12368807356768725,
                    1.4843382835388184
                ],
                [
                    0.0,
                    0.0,
                    0.0,
                    1.0
                ]
            ],
            "colmap_im_id": 10
        },
        {
            "file_path": "images/pinhole_duplicate0_00011.jpg",
            "mask_path": "masks/mask_pinhole_duplicate0_00011.jpg",
            "transform_matrix": [
                [
                    -0.05019937049089222,
                    0.12267375130249539,
                    -0.9911766614536073,
                    -158.3170199394226
                ],
                [
                    -0.9985839041669043,
                    -0.023666433953303728,
                    0.04764542485216894,
                    355.2575044008123
                ],
                [
                    -0.01761277399063514,
                    0.9921648303832732,
                    0.12368807356768725,
                    1.4843382835388184
                ],
                [
                    0.0,
                    0.0,
                    0.0,
                    1.0
                ]
            ],
            "colmap_im_id": 11
        },
        {
            "file_path": "images/pinhole_duplicate0_00012.jpg",
            "mask_path": "masks/mask_pinhole_duplicate0_00012.jpg",
            "transform_matrix": [
                [
                    -0.050189931696404226,
                    0.12267397502099885,
                    -0.9911771119600737,
                    -159.19704008102417
                ],
                [
                    -0.998584378814887,
                    -0.023665274421665286,
                    0.04763605607193329,
                    355.25747219096456
                ],
                [
                    -0.01761277399063514,
                    0.9921648303832732,
                    0.12368807356768725,
                    1.4843382835388184
                ],
                [
                    0.0,
                    0.0,
                    0.0,
                    1.0
                ]
            ],
            "colmap_im_id": 12
        },
        {
            "file_path": "images/pinhole_duplicate0_00013.jpg",
            "mask_path": "masks/mask_pinhole_duplicate0_00013.jpg",
            "transform_matrix": [
                [
                    -0.05020014283837741,
                    0.1226737329962992,
                    -0.9911766245900504,
                    -160.07706022262573
                ],
                [
                    -0.9985838653279216,
                    -0.023666528834206804,
                    0.04764619147060346,
                    355.2574740217074
                ],
                [
                    -0.01761277399063514,
                    0.9921648303832732,
                    0.12368807356768725,
                    1.4843382835388184
                ],
                [
                    0.0,
                    0.0,
                    0.0,
                    1.0
                ]
            ],
            "colmap_im_id": 13
        },
        {
            "file_path": "images/pinhole_duplicate0_00014.jpg",
            "mask_path": "masks/mask_pinhole_duplicate0_00014.jpg",
            "transform_matrix": [
                [
                    -0.05019924457539259,
                    0.12267375428694717,
                    -0.991176667463458,
                    -160.95706510543823
                ],
                [
                    -0.998583910498808,
                    -0.023666418484908292,
                    0.047645299870674125,
                    355.25744334308087
                ],
                [
                    -0.01761277399063514,
                    0.9921648303832732,
                    0.12368807356768725,
                    1.4843382835388184
                ],
                [
                    0.0,
                    0.0,
                    0.0,
                    1.0
                ]
            ],
            "colmap_im_id": 14
        },
        {
            "file_path": "images/pinhole_duplicate0_00015.jpg",
            "mask_path": "masks/mask_pinhole_duplicate0_00015.jpg",
            "transform_matrix": [
                [
                    -0.0502021076612808,
                    0.12267368642602584,
                    -0.9911765308105509,
                    -161.83705472946167
                ],
                [
                    -0.998583766523013,
                    -0.023666770207649495,
                    0.047648141719017836,
                    355.2574438563999
                ],
                [
                    -0.01761277399063514,
                    0.9921648303832732,
                    0.12368807356768725,
                    1.4843382835388184
                ],
                [
                    0.0,
                    0.0,
                    0.0,
                    1.0
                ]
            ],
            "colmap_im_id": 15
        },
        {
            "file_path": "images/pinhole_duplicate0_00016.jpg",
            "mask_path": "masks/mask_pinhole_duplicate0_00016.jpg",
            "transform_matrix": [
                [
                    -0.050190708991795834,
                    0.12267395659752729,
                    -0.9911770748603572,
                    -162.71705961227417
                ],
                [
                    -0.9985843397270893,
                    -0.023665369910405944,
                    0.0476368276015721,
                    355.25741129516865
                ],
                [
                    -0.01761277399063514,
                    0.9921648303832732,
                    0.12368807356768725,
                    1.4843382835388184
                ],
                [
                    0.0,
                    0.0,
                    0.0,
                    1.0
                ]
            ],
            "colmap_im_id": 16
        },
        {
            "file_path": "images/pinhole_duplicate0_00017.jpg",
            "mask_path": "masks/mask_pinhole_duplicate0_00017.jpg",
            "transform_matrix": [
                [
                    -0.0501927605420171,
                    0.12267390797164124,
                    -0.9911769769414289,
                    -163.5970492362976
                ],
                [
                    -0.9985842365609302,
                    -0.023665621938076684,
                    0.04763886393398615,
                    355.25738114541036
                ],
                [
                    -0.01761277399063514,
                    0.9921648303832732,
                    0.12368807356768725,
                    1.4843382835388184
                ],
                [
                    0.0,
                    0.0,
                    0.0,
                    1.0
                ]
            ],
            "colmap_im_id": 17
        },
        {
            "file_path": "images/pinhole_duplicate0_00018.jpg",
            "mask_path": "masks/mask_pinhole_duplicate0_00018.jpg",
            "transform_matrix": [
                [
                    -0.050198438567975734,
                    0.12267377339095176,
                    -0.9911767059335778,
                    -164.4770541191101
                ],
                [
                    -0.9985839510304453,
                    -0.023666319468969143,
                    0.04764449984198758,
                    355.25738216341654
                ],
                [
                    -0.01761277399063514,
                    0.9921648303832732,
                    0.12368807356768725,
                    1.4843382835388184
                ],
                [
                    0.0,
                    0.0,
                    0.0,
                    1.0
                ]
            ],
            "colmap_im_id": 18
        },
        {
            "file_path": "images/pinhole_duplicate0_00019.jpg",
            "mask_path": "masks/mask_pinhole_duplicate0_00019.jpg",
            "transform_matrix": [
                [
                    -0.05018876039580948,
                    0.12267400278318992,
                    -0.9911771678653584,
                    -165.35704374313354
                ],
                [
                    -0.9985844377159961,
                    -0.023665130530398294,
                    0.04763489345970818,
                    355.25734991065104
                ],
                [
                    -0.01761277399063514,
                    0.9921648303832732,
                    0.12368807356768725,
                    1.4843382835388184
                ],
                [
                    0.0,
                    0.0,
                    0.0,
                    1.0
                ]
            ],
            "colmap_im_id": 19
        },
        {
            "file_path": "images/pinhole_duplicate0_00020.jpg",
            "mask_path": "masks/mask_pinhole_duplicate0_00020.jpg",
            "transform_matrix": [
                [
                    -0.050191395433889584,
                    0.1226739403274625,
                    -0.9911770420969993,
                    -166.23704862594604
                ],
                [
                    -0.9985843052080249,
                    -0.023665454238052514,
                    0.047637508951836584,
                    355.2573198655056
                ],
                [
                    -0.01761277399063514,
                    0.9921648303832732,
                    0.12368807356768725,
                    1.4843382835388184
                ],
                [
                    0.0,
                    0.0,
                    0.0,
                    1.0
                ]
            ],
            "colmap_im_id": 20
        },
        {
            "file_path": "images/pinhole_duplicate0_00021.jpg",
            "mask_path": "masks/mask_pinhole_duplicate0_00021.jpg",
            "transform_matrix": [
                [
                    -0.05018986313774786,
                    0.12267397664597754,
                    -0.9911771152323262,
                    -167.11705350875854
                ],
                [
                    -0.9985843822624912,
                    -0.023665265999410594,
                    0.04763598802182524,
                    355.2573195907821
                ],
                [
                    -0.01761277399063514,
                    0.9921648303832732,
                    0.12368807356768725,
                    1.4843382835388184
                ],
                [
                    0.0,
                    0.0,
                    0.0,
                    1.0
                ]
            ],
            "colmap_im_id": 21
        },
        {
            "file_path": "images/pinhole_duplicate0_00022.jpg",
            "mask_path": "masks/mask_pinhole_duplicate0_00022.jpg",
            "transform_matrix": [
                [
                    -0.050200954399474106,
                    0.1226737137606612,
                    -0.9911765858548579,
                    -167.99705839157104
                ],
                [
                    -0.9985838245170068,
                    -0.023666628532401243,
                    0.04764699701177426,
                    355.2572910617424
                ],
                [
                    -0.01761277399063514,
                    0.9921648303832732,
                    0.12368807356768725,
                    1.4843382835388184
                ],
                [
                    0.0,
                    0.0,
                    0.0,
                    1.0
                ]
            ],
            "colmap_im_id": 22
        },
        {
            "file_path": "images/pinhole_duplicate0_00023.jpg",
            "mask_path": "masks/mask_pinhole_duplicate0_00023.jpg",
            "transform_matrix": [
                [
                    -0.05020199262790575,
                    0.1226736891525493,
                    -0.9911765363010062,
                    -168.87704801559448
                ],
                [
                    -0.998583772307688,
                    -0.023666756076095086,
                    0.047648027538927155,
                    355.2572912478851
                ],
                [
                    -0.01761277399063514,
                    0.9921648303832732,
                    0.12368807356768725,
                    1.4843382835388184
                ],
                [
                    0.0,
                    0.0,
                    0.0,
                    1.0
                ]
            ],
            "colmap_im_id": 23
        },
        {
            "file_path": "images/pinhole_duplicate0_00024.jpg",
            "mask_path": "masks/mask_pinhole_duplicate0_00024.jpg",
            "transform_matrix": [
                [
                    -0.05019663219160357,
                    0.12267381620572212,
                    -0.9911767921505451,
                    -169.75705289840698
                ],
                [
                    -0.9985840418675646,
                    -0.023666097560275493,
                    0.0476427068647938,
                    355.2572597692411
                ],
                [
                    -0.01761277399063514,
                    0.9921648303832732,
                    0.12368807356768725,
                    1.4843382835388184
                ],
                [
                    0.0,
                    0.0,
                    0.0,
                    1.0
                ]
            ],
            "colmap_im_id": 24
        },
        {
            "file_path": "images/pinhole_duplicate0_00025.jpg",
            "mask_path": "masks/mask_pinhole_duplicate0_00025.jpg",
            "transform_matrix": [
                [
                    -0.05020659300565846,
                    0.12267358011430003,
                    -0.9911763167284825,
                    -170.63705778121948
                ],
                [
                    -0.9985835409688213,
                    -0.023667321220675767,
                    0.04765259379240591,
                    355.25726155510296
                ],
                [
                    -0.01761277399063514,
                    0.9921648303832732,
                    0.12368807356768725,
                    1.4843382835388184
                ],
                [
                    0.0,
                    0.0,
                    0.0,
                    1.0
                ]
            ],
            "colmap_im_id": 25
        },
        {
            "file_path": "images/pinhole_duplicate0_00026.jpg",
            "mask_path": "masks/mask_pinhole_duplicate0_00026.jpg",
            "transform_matrix": [
                [
                    -0.050205024036157474,
                    0.1226736173020478,
                    -0.9911763916142009,
                    -171.51704740524292
                ],
                [
                    -0.9985836198674782,
                    -0.023667128476805938,
                    0.04765103646106769,
                    355.2572612738044
                ],
                [
                    -0.01761277399063514,
                    0.9921648303832732,
                    0.12368807356768725,
                    1.4843382835388184
                ],
                [
                    0.0,
                    0.0,
                    0.0,
                    1.0
                ]
            ],
            "colmap_im_id": 26
        },
        {
            "file_path": "images/pinhole_duplicate0_00027.jpg",
            "mask_path": "masks/mask_pinhole_duplicate0_00027.jpg",
            "transform_matrix": [
                [
                    -0.05019803175525124,
                    0.12267378303323542,
                    -0.991176725350439,
                    -172.39705228805542
                ],
                [
                    -0.9985839714878076,
                    -0.023666269493071736,
                    0.04764409604688242,
                    355.257229502589
                ],
                [
                    -0.01761277399063514,
                    0.9921648303832732,
                    0.12368807356768725,
                    1.4843382835388184
                ],
                [
                    0.0,
                    0.0,
                    0.0,
                    1.0
                ]
            ],
            "colmap_im_id": 27
        },
        {
            "file_path": "images/pinhole_duplicate0_00028.jpg",
            "mask_path": "masks/mask_pinhole_duplicate0_00028.jpg",
            "transform_matrix": [
                [
                    -0.050192850657851666,
                    0.12267390583571385,
                    -0.9911769726402687,
                    -173.27705717086792
                ],
                [
                    -0.9985842320292817,
                    -0.0236656330085753,
                    0.04763895338136747,
                    355.2572285736765
                ],
                [
                    -0.01761277399063514,
                    0.9921648303832732,
                    0.12368807356768725,
                    1.4843382835388184
                ],
                [
                    0.0,
                    0.0,
                    0.0,
                    1.0
                ]
            ],
            "colmap_im_id": 28
        },
        {
            "file_path": "images/pinhole_duplicate0_00029.jpg",
            "mask_path": "masks/mask_pinhole_duplicate0_00029.jpg",
            "transform_matrix": [
                [
                    -0.0501967473430454,
                    0.12267381347640026,
                    -0.9911767866544545,
                    -174.15704679489136
                ],
                [
                    -0.9985840360769522,
                    -0.0236661117063341,
                    0.04764282116207548,
                    355.25719875473015
                ],
                [
                    -0.01761277399063514,
                    0.9921648303832732,
                    0.12368807356768725,
                    1.4843382835388184
                ],
                [
                    0.0,
                    0.0,
                    0.0,
                    1.0
                ]
            ],
            "colmap_im_id": 29
        },
        {
            "file_path": "images/pinhole_duplicate0_00030.jpg",
            "mask_path": "masks/mask_pinhole_duplicate0_00030.jpg",
            "transform_matrix": [
                [
                    -0.05020146596740607,
                    0.12267370163546742,
                    -0.9911765614381104,
                    -175.03705167770386
                ],
                [
                    -0.9985837987918269,
                    -0.023666691377206592,
                    0.047647504785043,
                    355.25719960072644
                ],
                [
                    -0.01761277399063514,
                    0.9921648303832732,
                    0.12368807356768725,
                    1.4843382835388184
                ],
                [
                    0.0,
                    0.0,
                    0.0,
                    1.0
                ]
            ],
            "colmap_im_id": 30
        },
        {
            "file_path": "images/pinhole_duplicate0_00031.jpg",
            "mask_path": "masks/mask_pinhole_duplicate0_00031.jpg",
            "transform_matrix": [
                [
                    -0.050199188455525935,
                    0.12267375561710142,
                    -0.9911766701420165,
                    -175.91705656051636
                ],
                [
                    -0.9985839133209037,
                    -0.02366641159072694,
                    0.04764524416708844,
                    355.25716867481606
                ],
                [
                    -0.01761277399063514,
                    0.9921648303832732,
                    0.12368807356768725,
                    1.4843382835388184
                ],
                [
                    0.0,
                    0.0,
                    0.0,
                    1.0
                ]
            ],
            "colmap_im_id": 31
        },
        {
            "file_path": "images/pinhole_duplicate0_00032.jpg",
            "mask_path": "masks/mask_pinhole_duplicate0_00032.jpg",
            "transform_matrix": [
                [
                    -0.050194281801639214,
                    0.122673871914714,
                    -0.9911769043328666,
                    -176.7970461845398
                ],
                [
                    -0.9985841600614564,
                    -0.023665808820910544,
                    0.0476403739093436,
                    355.2571677951082
                ],
                [
                    -0.01761277399063514,
                    0.9921648303832732,
                    0.12368807356768725,
                    1.4843382835388184
                ],
                [
                    0.0,
                    0.0,
                    0.0,
                    1.0
                ]
            ],
            "colmap_im_id": 32
        },
        {
            "file_path": "images/pinhole_duplicate0_00033.jpg",
            "mask_path": "masks/mask_pinhole_duplicate0_00033.jpg",
            "transform_matrix": [
                [
                    -0.05019739794732943,
                    0.12267379805576398,
                    -0.991176755601608,
                    -177.6770510673523
                ],
                [
                    -0.9985840033600613,
                    -0.023666191631397878,
                    0.047643466940364775,
                    355.25713783621995
                ],
                [
                    -0.01761277399063514,
                    0.9921648303832732,
                    0.12368807356768725,
                    1.4843382835388184
                ],
                [
                    0.0,
                    0.0,
                    0.0,
                    1.0
                ]
            ],
            "colmap_im_id": 33
        },
        {
            "file_path": "images/pinhole_duplicate0_00034.jpg",
            "mask_path": "masks/mask_pinhole_duplicate0_00034.jpg",
            "transform_matrix": [
                [
                    -0.05020247237865606,
                    0.12267367778148702,
                    -0.9911765134028685,
                    -178.5570559501648
                ],
                [
                    -0.9985837481824964,
                    -0.023666815012241462,
                    0.04764850373102491,
                    355.2571082284303
                ],
                [
                    -0.01761277399063514,
                    0.9921648303832732,
                    0.12368807356768725,
                    1.4843382835388184
                ],
                [
                    0.0,
                    0.0,
                    0.0,
                    1.0
                ]
            ],
            "colmap_im_id": 34
        },
        {
            "file_path": "images/pinhole_duplicate0_00035.jpg",
            "mask_path": "masks/mask_pinhole_duplicate0_00035.jpg",
            "transform_matrix": [
                [
                    -0.050198076424456346,
                    0.12267378197448499,
                    -0.9911767232184119,
                    -179.4370608329773
                ],
                [
                    -0.9985839692415305,
                    -0.023666274980568752,
                    0.04764414038474425,
                    355.25710744028515
                ],
                [
                    -0.01761277399063514,
                    0.9921648303832732,
                    0.12368807356768725,
                    1.4843382835388184
                ],
                [
                    0.0,
                    0.0,
                    0.0,
                    1.0
                ]
            ],
            "colmap_im_id": 35
        },
        {
            "file_path": "images/pinhole_duplicate0_00036.jpg",
            "mask_path": "masks/mask_pinhole_duplicate0_00036.jpg",
            "transform_matrix": [
                [
                    -0.05019456986642602,
                    0.12267386508699643,
                    -0.9911768905837539,
                    -180.31705045700073
                ],
                [
                    -0.9985841455755632,
                    -0.02366584420892907,
                    0.04764065983734899,
                    355.25707629402064
                ],
                [
                    -0.01761277399063514,
                    0.9921648303832732,
                    0.12368807356768725,
                    1.4843382835388184
                ],
                [
                    0.0,
                    0.0,
                    0.0,
                    1.0
                ]
            ],
            "colmap_im_id": 36
        },
        {
            "file_path": "images/pinhole_duplicate0_00037.jpg",
            "mask_path": "masks/mask_pinhole_duplicate0_00037.jpg",
            "transform_matrix": [
                [
                    -0.050197299853813146,
                    0.12267380038077853,
                    -0.9911767602835367,
                    -181.19705533981323
                ],
                [
                    -0.9985840082928829,
                    -0.023666179580861573,
                    0.04764336957447788,
                    355.25707678347663
                ],
                [
                    -0.01761277399063514,
                    0.9921648303832732,
                    0.12368807356768725,
                    1.4843382835388184
                ],
                [
                    0.0,
                    0.0,
                    0.0,
                    1.0
                ]
            ],
            "colmap_im_id": 37
        },
        {
            "file_path": "images/pinhole_duplicate0_00038.jpg",
            "mask_path": "masks/mask_pinhole_duplicate0_00038.jpg",
            "transform_matrix": [
                [
                    -0.05020238289856572,
                    0.12267367990234598,
                    -0.9911765176736851,
                    -182.07706022262573
                ],
                [
                    -0.9985837526821753,
                    -0.02366680401984239,
                    0.04764841491467204,
                    355.25704717723124
                ],
                [
                    -0.01761277399063514,
                    0.9921648303832732,
                    0.12368807356768725,
                    1.4843382835388184
                ],
                [
                    0.0,
                    0.0,
                    0.0,
                    1.0
                ]
            ],
            "colmap_im_id": 38
        },
        {
            "file_path": "images/pinhole_duplicate0_00039.jpg",
            "mask_path": "masks/mask_pinhole_duplicate0_00039.jpg",
            "transform_matrix": [
                [
                    -0.05019979260870464,
                    0.1226737412974502,
                    -0.9911766413062458,
                    -182.95704984664917
                ],
                [
                    -0.9985838829398961,
                    -0.023666485809391843,
                    0.047645843838833295,
                    355.2570467128214
                ],
                [
                    -0.01761277399063514,
                    0.9921648303832732,
                    0.12368807356768725,
                    1.4843382835388184
                ],
                [
                    0.0,
                    0.0,
                    0.0,
                    1.0
                ]
            ],
            "colmap_im_id": 39
        },
        {
            "file_path": "images/pinhole_duplicate0_00040.jpg",
            "mask_path": "masks/mask_pinhole_duplicate0_00040.jpg",
            "transform_matrix": [
                [
                    -0.050195070353336285,
                    0.12267385322444525,
                    -0.9911768666958952,
                    -183.83705472946167
                ],
                [
                    -0.9985841204076137,
                    -0.02366590569245939,
                    0.04764115661179185,
                    355.25704586617417
                ],
                [
                    -0.01761277399063514,
                    0.9921648303832732,
                    0.12368807356768725,
                    1.4843382835388184
                ],
                [
                    0.0,
                    0.0,
                    0.0,
                    1.0
                ]
            ],
            "colmap_im_id": 40
        },
        {
            "file_path": "images/pinhole_duplicate0_00041.jpg",
