{
    "camera_model": "OPENCV",
    "w": 1280,
    "h": 720,
    "fl_x": 751.3418667502033,
    "fl_y": 750.6179165472433,
    "cx": 640,
    "cy": 360,
    "k1": 0,
    "k2": 0,
    "k3": 0,
    "p1": 0,
    "p2": 0,
    "frames": [
        {
            "file_path": "images/pinhole_00000.jpg",
            "mask_path": "masks/mask_pinhole_00000.jpg",
            "transform_matrix": [
                [
                    -1.7555552403791808e-05,
                    -0.15643446504023087,
                    0.9876883405951378,
                    -150.26058654785157
                ],
                [
                    1.0,
                    -2.7462934487729106e-06,
                    1.7339414421932112e-05,
                    355.2576588296932
                ],
                [
                    0.0,
                    0.9876883405951378,
                    0.15643446504023087,
                    1.1646527647972107
                ],
                [
                    0.0,
                    0.0,
                    0.0,
                    1.0
                ]
            ],
            "colmap_im_id": 0
        },
        {
            "file_path": "images/pinhole_00020.jpg",
            "mask_path": "masks/mask_pinhole_00020.jpg",
            "transform_matrix": [
                [
                    -2.431508619338274e-05,
                    -0.15643446504023087,
                    0.9876883405951378,
                    -167.85801391601564
                ],
                [
                    1.0,
                    -3.8037175010689323e-06,
                    2.4015727133769943e-05,
                    355.25728045159485
                ],
                [
                    0.0,
                    0.9876883405951378,
                    0.15643446504023087,
                    1.5
                ],
                [
                    0.0,
                    0.0,
                    0.0,
                    1.0
                ]
            ],
            "colmap_im_id": 1
        },
        {
            "file_path": "images/pinhole_00040.jpg",
            "mask_path": "masks/mask_pinhole_00040.jpg",
            "transform_matrix": [
                [
                    -2.0634952306863852e-05,
                    -0.15643446504023087,
                    0.9876883405951378,
                    -185.45802001953126
                ],
                [
                    1.0,
                    -3.2280177252549244e-06,
                    2.0380901802226167e-05,
                    355.2570124176327
                ],
                [
                    0.0,
                    0.9876883405951378,
                    0.15643446504023087,
                    1.5
                ],
                [
                    0.0,
                    0.0,
                    0.0,
                    1.0
                ]
            ],
            "colmap_im_id": 2
        },
        {
            "file_path": "images/pinhole_00060.jpg",
            "mask_path": "masks/mask_pinhole_00060.jpg",
            "transform_matrix": [
                [
                    -1.129004613176221e-05,
                    -0.15643446504023087,
                    0.9876883405951378,
                    -203.0580261230469
                ],
                [
                    1.0,
                    -1.7661523269017491e-06,
                    1.1151046929122772e-05,
                    355.2566630275263
                ],
                [
                    0.0,
                    0.9876883405951378,
                    0.15643446504023087,
                    1.5
                ],
                [
                    0.0,
                    0.0,
                    0.0,
                    1.0
                ]
            ],
            "colmap_im_id": 3
        },
        {
            "file_path": "images/pinhole_00080.jpg",
            "mask_path": "masks/mask_pinhole_00080.jpg",
            "transform_matrix": [
                [
                    -2.88581577478908e-05,
                    -0.15643446504023087,
                    0.9876883405951378,
                    -220.65801696777345
                ],
                [
                    1.0,
                    -4.514410469337891e-06,
                    2.8502865938646983e-05,
                    355.25629571156605
                ],
                [
                    0.0,
                    0.9876883405951378,
                    0.15643446504023087,
                    1.5
                ],
                [
                    0.0,
                    0.0,
                    0.0,
                    1.0
                ]
            ],
            "colmap_im_id": 4
        },
        {
            "file_path": "images/pinhole_00100.jpg",
            "mask_path": "masks/mask_pinhole_00100.jpg",
            "transform_matrix": [
                [
                    -1.923763375089038e-05,
                    -0.15643446504023087,
                    0.9876883405951378,
                    -238.25802307128907
                ],
                [
                    1.0,
                    -3.0094289444604267e-06,
                    1.9000786556393938e-05,
                    355.2560383703061
                ],
                [
                    0.0,
                    0.9876883405951378,
                    0.15643446504023087,
                    1.5
                ],
                [
                    0.0,
                    0.0,
                    0.0,
                    1.0
                ]
            ],
            "colmap_im_id": 5
        },
        {
            "file_path": "images/pinhole_00120.jpg",
            "mask_path": "masks/mask_pinhole_00120.jpg",
            "transform_matrix": [
                [
                    -1.524566687294282e-05,
                    -0.15643446504023087,
                    0.9876883405951378,
                    -255.8580291748047
                ],
                [
                    1.0,
                    -2.3849477414503794e-06,
                    1.5057967415003157e-05,
                    355.25570986248715
                ],
                [
                    0.0,
                    0.9876883405951378,
                    0.15643446504023087,
                    1.5
                ],
                [
                    0.0,
                    0.0,
                    0.0,
                    1.0
                ]
            ],
            "colmap_im_id": 6
        },
        {
            "file_path": "images/pinhole_00140.jpg",
            "mask_path": "masks/mask_pinhole_00140.jpg",
            "transform_matrix": [
                [
                    -1.5350036846939474e-05,
                    -0.15643446504023087,
                    0.9876883405951378,
                    -273.45802001953126
                ],
                [
                    1.0,
                    -2.401274802498809e-06,
                    1.516105242142787e-05,
                    355.2553739812618
                ],
                [
                    0.0,
                    0.9876883405951378,
                    0.15643446504023087,
                    1.5
                ],
                [
                    0.0,
                    0.0,
                    0.0,
                    1.0
                ]
            ],
            "colmap_im_id": 7
        },
        {
            "file_path": "images/pinhole_00160.jpg",
            "mask_path": "masks/mask_pinhole_00160.jpg",
            "transform_matrix": [
                [
                    5.4345167882274836e-05,
                    -0.15643446504023087,
                    0.9876883405951378,
                    -291.0580261230469
                ],
                [
                    1.0,
                    8.5014572651852e-06,
                    -5.367608868500821e-05,
                    355.2556520205209
                ],
                [
                    0.0,
                    0.9876883405951378,
                    0.15643446504023087,
                    1.5
                ],
                [
                    0.0,
                    0.0,
                    0.0,
                    1.0
                ]
            ],
            "colmap_im_id": 8
        },
        {
            "file_path": "images/pinhole_00180.jpg",
            "mask_path": "masks/mask_pinhole_00180.jpg",
            "transform_matrix": [
                [
                    3.211797229596414e-05,
                    -0.15643446504023087,
                    0.9876883405951378,
                    -308.6580322265625
                ],
                [
                    1.0,
                    5.024357814296105e-06,
                    -3.1722546760281424e-05,
                    355.25631391586575
                ],
                [
                    0.0,
                    0.9876883405951378,
                    0.15643446504023087,
                    1.5
                ],
                [
                    0.0,
                    0.0,
                    0.0,
                    1.0
                ]
            ],
            "colmap_im_id": 9
        },
        {
            "file_path": "images/pinhole_00200.jpg",
            "mask_path": "masks/mask_pinhole_00200.jpg",
            "transform_matrix": [
                [
                    3.873668538290076e-05,
                    -0.15643446504023087,
                    0.9876883405951378,
                    -326.25803833007814
                ],
                [
                    1.0,
                    6.059752655305811e-06,
                    -3.825977250599318e-05,
                    355.2570277338462
                ],
                [
                    0.0,
                    0.9876883405951378,
                    0.15643446504023087,
                    1.5
                ],
                [
                    0.0,
                    0.0,
                    0.0,
                    1.0
                ]
            ],
            "colmap_im_id": 10
        },
        {
            "file_path": "images/pinhole_00220.jpg",
            "mask_path": "masks/mask_pinhole_00220.jpg",
            "transform_matrix": [
                [
                    3.431235018069856e-05,
                    -0.15643446504023087,
                    0.9876883405951378,
                    -343.85804443359376
                ],
                [
                    1.0,
                    5.367634144790648e-06,
                    -3.3889908211893434e-05,
                    355.2577216743397
                ],
                [
                    0.0,
                    0.9876883405951378,
                    0.15643446504023087,
                    1.5
                ],
                [
                    0.0,
                    0.0,
                    0.0,
                    1.0
                ]
            ],
            "colmap_im_id": 11
        },
        {
            "file_path": "images/pinhole_00240.jpg",
            "mask_path": "masks/mask_pinhole_00240.jpg",
            "transform_matrix": [
                [
                    3.6349458241602406e-05,
                    -0.15643446504023087,
                    0.9876883405951378,
                    -361.4580505371094
                ],
                [
                    1.0,
                    5.686308054527284e-06,
                    -3.590193609218054e-05,
                    355.2584272454311
                ],
                [
                    0.0,
                    0.9876883405951378,
                    0.15643446504023087,
                    1.5
                ],
                [
                    0.0,
                    0.0,
                    0.0,
                    1.0
                ]
            ],
            "colmap_im_id": 12
        },
        {
            "file_path": "images/pinhole_00260.jpg",
            "mask_path": "masks/mask_pinhole_00260.jpg",
            "transform_matrix": [
                [
                    3.948435914935544e-05,
                    -0.15643446504023087,
                    0.9876883405951378,
                    -379.058056640625
                ],
                [
                    1.0,
                    6.1767146009857635e-06,
                    -3.899824116768932e-05,
                    355.2591347925496
                ],
                [
                    0.0,
                    0.9876883405951378,
                    0.15643446504023087,
                    1.5
                ],
                [
                    0.0,
                    0.0,
                    0.0,
                    1.0
                ]
            ],
            "colmap_im_id": 13
        },
        {
            "file_path": "images/pinhole_00280.jpg",
            "mask_path": "masks/mask_pinhole_00280.jpg",
            "transform_matrix": [
                [
                    0.0014469296438619494,
                    -0.15643429720425792,
                    0.9876872809205094,
                    -396.658030295372
                ],
                [
                    0.999998927116394,
                    0.00022634966478839584,
                    -0.0014291155389039225,
                    355.27726267648393
                ],
                [
                    0.0,
                    0.9876883405951378,
                    0.15643446504023087,
                    1.5
                ],
                [
                    0.0,
                    0.0,
                    0.0,
                    1.0
                ]
            ],
            "colmap_im_id": 14
        },
        {
            "file_path": "images/pinhole_00300.jpg",
            "mask_path": "masks/mask_pinhole_00300.jpg",
            "transform_matrix": [
                [
                    -0.04805077984929085,
                    -0.15625377096691057,
                    0.9865474831160189,
                    -414.25092378854754
                ],
                [
                    0.9988449215888977,
                    -0.007516798040489719,
                    0.04745919501364836,
                    354.8543044947088
                ],
                [
                    0.0,
                    0.9876883405951378,
                    0.15643446504023087,
                    1.5
                ],
                [
                    0.0,
                    0.0,
                    0.0,
                    1.0
                ]
            ],
            "colmap_im_id": 15
        },
        {
            "file_path": "images/pinhole_00320.jpg",
            "mask_path": "masks/mask_pinhole_00320.jpg",
            "transform_matrix": [
                [
                    -0.11744987219572067,
                    -0.15535175517874125,
                    0.9808523795672041,
                    -431.77573158740995
                ],
                [
                    0.9930788278579712,
                    -0.018373207925981048,
                    0.11600386937210236,
                    353.2650611773133
                ],
                [
                    0.0,
                    0.9876883405951378,
                    0.15643446504023087,
                    1.5
                ],
                [
                    0.0,
                    0.0,
                    0.0,
                    1.0
                ]
            ],
            "colmap_im_id": 16
        },
        {
            "file_path": "images/pinhole_00340.jpg",
            "mask_path": "masks/mask_pinhole_00340.jpg",
            "transform_matrix": [
                [
                    -0.1860705316066742,
                    -0.15370255228744745,
                    0.9704397223142913,
                    -449.1495469212532
                ],
                [
                    0.9825363755226135,
                    -0.029107844071641447,
                    0.18377969459625118,
                    350.473422652483
                ],
                [
                    0.0,
                    0.9876883405951378,
                    0.15643446504023087,
                    1.5
                ],
                [
                    0.0,
                    0.0,
                    0.0,
                    1.0
                ]
            ],
            "colmap_im_id": 17
        },
        {
            "file_path": "images/pinhole_00360.jpg",
            "mask_path": "masks/mask_pinhole_00360.jpg",
            "transform_matrix": [
                [
                    -0.2532304525375366,
                    -0.151335636154723,
                    0.9554956019961937,
                    -466.29021991491317
                ],
                [
                    0.9674059748649597,
                    -0.039613970374605116,
                    0.25011276545495537,
                    346.4930072069168
                ],
                [
                    0.0,
                    0.9876883405951378,
                    0.15643446504023087,
                    1.5
                ],
                [
                    0.0,
                    0.0,
                    0.0,
                    1.0
                ]
            ],
            "colmap_im_id": 18
        },
        {
            "file_path": "images/pinhole_00380.jpg",
            "mask_path": "masks/mask_pinhole_00380.jpg",
            "transform_matrix": [
                [
                    -0.31908124685287476,
                    -0.14825722603578775,
                    0.9360592854449752,
                    -483.11579087972643
                ],
                [
                    0.947727382183075,
                    -0.04991530415579931,
                    0.3151528272191434,
                    341.3403266072273
                ],
                [
                    0.0,
                    0.9876883405951378,
                    0.15643446504023087,
                    1.5
                ],
                [
                    0.0,
                    0.0,
                    0.0,
                    1.0
                ]
            ],
            "colmap_im_id": 19
        },
        {
            "file_path": "images/pinhole_00400.jpg",
            "mask_path": "masks/mask_pinhole_00400.jpg",
            "transform_matrix": [
                [
                    -0.3833927512168884,
                    -0.14448059029672533,
                    0.9122145458270939,
                    -499.5461207389832
                ],
                [
                    0.9235854148864746,
                    -0.05997583993691626,
                    0.378672550245613,
                    335.0398735165596
                ],
                [
                    0.0,
                    0.9876883405951378,
                    0.15643446504023087,
                    1.5
                ],
                [
                    0.0,
                    0.0,
                    0.0,
                    1.0
                ]
            ],
            "colmap_im_id": 20
        },
        {
            "file_path": "images/pinhole_00420.jpg",
            "mask_path": "masks/mask_pinhole_00420.jpg",
            "transform_matrix": [
                [
                    -0.44620633125305176,
                    -0.13999791524057292,
                    0.8839120494015156,
                    -515.5029640674591
                ],
                [
                    0.8949301242828369,
                    -0.0698020487271352,
                    0.44071279087837106,
                    327.6217248439789
                ],
                [
                    0.0,
                    0.9876883405951378,
                    0.15643446504023087,
                    1.5
                ],
                [
                    0.0,
                    0.0,
                    0.0,
                    1.0
                ]
            ],
            "colmap_im_id": 21
        },
        {
            "file_path": "images/pinhole_00440.jpg",
            "mask_path": "masks/mask_pinhole_00440.jpg",
            "transform_matrix": [
                [
                    -0.5069552659988403,
                    -0.13484218996023556,
                    0.8513600811035372,
                    -530.9110473752022
                ],
                [
                    0.8619723916053772,
                    -0.07930527583585653,
                    0.5007138054303613,
                    319.12233159542086
                ],
                [
                    0.0,
                    0.9876883405951378,
                    0.15643446504023087,
                    1.5
                ],
                [
                    0.0,
                    0.0,
                    0.0,
                    1.0
                ]
            ],
            "colmap_im_id": 22
        },
        {
            "file_path": "images/pinhole_00460.jpg",
            "mask_path": "masks/mask_pinhole_00460.jpg",
            "transform_matrix": [
                [
                    -0.5653051733970642,
                    -0.12903995118788056,
                    0.8147261872660746,
                    -545.6974948525428
                ],
                [
                    0.8248818516731262,
                    -0.0884332123848447,
                    0.558345328642393,
                    309.58251782655714
                ],
                [
                    0.0,
                    0.9876883405951378,
                    0.15643446504023087,
                    1.5
                ],
                [
                    0.0,
                    0.0,
                    0.0,
                    1.0
                ]
            ],
            "colmap_im_id": 23
        },
        {
            "file_path": "images/pinhole_00480.jpg",
            "mask_path": "masks/mask_pinhole_00480.jpg",
            "transform_matrix": [
                [
                    -0.6205903887748718,
                    -0.12266572741971768,
                    0.7744809222949586,
                    -559.7922412037849
                ],
                [
                    0.7841349244117737,
                    -0.09708172547710597,
                    0.6129498912783445,
                    299.04736601114274
                ],
                [
                    0.0,
                    0.9876883405951378,
                    0.15643446504023087,
                    1.5
                ],
                [
                    0.0,
                    0.0,
                    0.0,
                    1.0
                ]
            ],
            "colmap_im_id": 24
        },
        {
            "file_path": "images/pinhole_00500.jpg",
            "mask_path": "masks/mask_pinhole_00500.jpg",
            "transform_matrix": [
                [
                    -0.6727306246757507,
                    -0.11574390149292803,
                    0.7307782333653733,
                    -573.1277569293976
                ],
                [
                    0.7398874759674072,
                    -0.1052382553873314,
                    0.6644481943535226,
                    287.56609293222425
                ],
                [
                    0.0,
                    0.9876883405951378,
                    0.15643446504023087,
                    1.5
                ],
                [
                    0.0,
                    0.0,
                    0.0,
                    1.0
                ]
            ],
            "colmap_im_id": 25
        },
        {
            "file_path": "images/pinhole_00520.jpg",
            "mask_path": "masks/mask_pinhole_00520.jpg",
            "transform_matrix": [
                [
                    -0.7217080593109131,
                    -0.10828355519849223,
                    0.683675460648879,
                    -585.639205121994
                ],
                [
                    0.6921975612640381,
                    -0.1129000141735259,
                    0.712822635494933,
                    275.1918617725372
                ],
                [
                    0.0,
                    0.9876883405951378,
                    0.15643446504023087,
                    1.5
                ],
                [
                    0.0,
                    0.0,
                    0.0,
                    1.0
                ]
            ],
            "colmap_im_id": 26
        },
        {
            "file_path": "images/pinhole_00540.jpg",
            "mask_path": "masks/mask_pinhole_00540.jpg",
            "transform_matrix": [
                [
                    -0.7678130865097046,
                    -0.1002234843516085,
                    0.6327861761309787,
                    -597.2661891579628
                ],
                [
                    0.6406739354133606,
                    -0.12011242943903415,
                    0.7583600333020011,
                    261.983292889595
                ],
                [
                    0.0,
                    0.9876883405951378,
                    0.15643446504023087,
                    1.5
                ],
                [
                    0.0,
                    0.0,
                    0.0,
                    1.0
                ]
            ],
            "colmap_im_id": 27
        },
        {
            "file_path": "images/pinhole_00560.jpg",
            "mask_path": "masks/mask_pinhole_00560.jpg",
            "transform_matrix": [
                [
                    -0.8104772567749023,
                    -0.09163463694773033,
                    0.5785583278254302,
                    -607.9554482460022
                ],
                [
                    0.5857701301574707,
                    -0.12678657609085567,
                    0.8004989368341027,
                    248.00522174835206
                ],
                [
                    0.0,
                    0.9876883405951378,
                    0.15643446504023087,
                    1.5
                ],
                [
                    0.0,
                    0.0,
                    0.0,
                    1.0
                ]
            ],
            "colmap_im_id": 28
        },
        {
            "file_path": "images/pinhole_00580.jpg",
            "mask_path": "masks/mask_pinhole_00580.jpg",
            "transform_matrix": [
                [
                    -0.8492192029953003,
                    -0.08260373756376846,
                    0.5215394731610629,
                    -617.6579314470291
                ],
                [
                    0.5280405282974243,
                    -0.13284715172246103,
                    0.8387639054079536,
                    233.3251499414444
                ],
                [
                    0.0,
                    0.9876883405951378,
                    0.15643446504023087,
                    1.5
                ],
                [
                    0.0,
                    0.0,
                    0.0,
                    1.0
                ]
            ],
            "colmap_im_id": 29
        },
        {
            "file_path": "images/pinhole_00600.jpg",
            "mask_path": "masks/mask_pinhole_00600.jpg",
            "transform_matrix": [
                [
                    -0.8836313486099243,
                    -0.0732400147833397,
                    0.46241925427313363,
                    -626.3267388522625
                ],
                [
                    0.46818336844444275,
                    -0.13823039731257125,
                    0.8727523804063798,
                    218.01183478832246
                ],
                [
                    0.0,
                    0.9876883405951378,
                    0.15643446504023087,
                    1.5
                ],
                [
                    0.0,
                    0.0,
                    0.0,
                    1.0
                ]
            ],
            "colmap_im_id": 30
        },
        {
            "file_path": "images/pinhole_00620.jpg",
            "mask_path": "masks/mask_pinhole_00620.jpg",
            "transform_matrix": [
                [
                    -0.9137207269668579,
                    -0.06356601457214346,
                    0.40134002078672665,
                    -633.9201987326145
                ],
                [
                    0.4063427746295929,
                    -0.14293741311923128,
                    0.9024713085852788,
                    202.1377123594284
                ],
                [
                    0.0,
                    0.9876883405951378,
                    0.15643446504023087,
                    1.5
                ],
                [
                    0.0,
                    0.0,
                    0.0,
                    1.0
                ]
            ],
            "colmap_im_id": 31
        },
        {
            "file_path": "images/pinhole_00640.jpg",
            "mask_path": "masks/mask_pinhole_00640.jpg",
            "transform_matrix": [
                [
                    -0.939440906047821,
                    -0.05361178889355819,
                    0.3384915133311417,
                    -640.4007540464402
                ],
                [
                    0.34271085262298584,
                    -0.14696093557450068,
                    0.9278748295815651,
                    185.7776037812233
                ],
                [
                    0.0,
                    0.9876883405951378,
                    0.15643446504023087,
                    1.5
                ],
                [
                    0.0,
                    0.0,
                    0.0,
                    1.0
                ]
            ],
            "colmap_im_id": 32
        },
        {
            "file_path": "images/pinhole_00660.jpg",
            "mask_path": "masks/mask_pinhole_00660.jpg",
            "transform_matrix": [
                [
                    -0.960813045501709,
                    -0.04336318358053193,
                    0.27378436601271544,
                    -645.7384567737579
                ],
                [
                    0.27719712257385254,
                    -0.15030427477673486,
                    0.9489838425337436,
                    169.00979433059692
                ],
                [
                    0.0,
                    0.9876883405951378,
                    0.15643446504023087,
                    1.5
                ],
                [
                    0.0,
                    0.0,
                    0.0,
                    1.0
                ]
            ],
            "colmap_im_id": 33
        },
        {
            "file_path": "images/pinhole_00680.jpg",
            "mask_path": "masks/mask_pinhole_00680.jpg",
            "transform_matrix": [
                [
                    -0.977671205997467,
                    -0.03287319517257828,
                    0.20755318581307441,
                    -649.9076105624438
                ],
                [
                    0.21014036238193512,
                    -0.15294147209545111,
                    0.9656344510992854,
                    151.91397417783736
                ],
                [
                    0.0,
                    0.9876883405951378,
                    0.15643446504023087,
                    1.5
                ],
                [
                    0.0,
                    0.0,
                    0.0,
                    1.0
                ]
            ],
            "colmap_im_id": 34
        },
        {
            "file_path": "images/pinhole_00700.jpg",
            "mask_path": "masks/mask_pinhole_00700.jpg",
            "transform_matrix": [
                [
                    -0.9898537993431091,
                    -0.022227692749356924,
                    0.14034012876398377,
                    -652.8907098054885
                ],
                [
                    0.14208948612213135,
                    -0.1548472495682793,
                    0.977667056504988,
                    134.5718550801277
                ],
                [
                    0.0,
                    0.9876883405951378,
                    0.15643446504023087,
                    1.5
                ],
                [
                    0.0,
                    0.0,
                    0.0,
                    1.0
                ]
            ],
            "colmap_im_id": 35
        },
        {
            "file_path": "images/pinhole_00720.jpg",
            "mask_path": "masks/mask_pinhole_00720.jpg",
            "transform_matrix": [
                [
                    -0.9972915053367615,
                    -0.011505760854426644,
                    0.07264451502212504,
                    -654.6721849903464
                ],
                [
                    0.0735500380396843,
                    -0.15601076312652282,
                    0.9850131919956929,
                    117.06539469957352
                ],
                [
                    0.0,
                    0.9876883405951378,
                    0.15643446504023087,
                    1.5
                ],
                [
                    0.0,
                    0.0,
                    0.0,
                    1.0
                ]
            ],
            "colmap_im_id": 36
        },
        {
            "file_path": "images/pinhole_00740.jpg",
            "mask_path": "masks/mask_pinhole_00740.jpg",
            "transform_matrix": [
                [
                    -0.9999842643737793,
                    -0.0008775716879442695,
                    0.005540769573994066,
                    -655.2520410641097
                ],
                [
                    0.005609835963696241,
                    -0.15643200344596095,
                    0.9876727987005877,
                    99.47786798477173
                ],
                [
                    0.0,
                    0.9876883405951378,
                    0.15643446504023087,
                    1.5
                ],
                [
                    0.0,
                    0.0,
                    0.0,
                    1.0
                ]
            ],
            "colmap_im_id": 37
        },
        {
            "file_path": "images/pinhole_00760.jpg",
            "mask_path": "masks/mask_pinhole_00760.jpg",
            "transform_matrix": [
                [
                    -0.9980114102363586,
                    0.009860619826783702,
                    -0.06225750336699036,
                    -654.6022378504276
                ],
                [
                    -0.06303355097770691,
                    -0.15612338106437115,
                    0.9857242336713624,
                    81.89268926382064
                ],
                [
                    0.0,
                    0.9876883405951378,
                    0.15643446504023087,
                    1.5
                ],
                [
                    0.0,
                    0.0,
                    0.0,
                    1.0
                ]
            ],
            "colmap_im_id": 38
        },
        {
            "file_path": "images/pinhole_00780.jpg",
            "mask_path": "masks/mask_pinhole_00780.jpg",
            "transform_matrix": [
                [
                    -0.9912725687026978,
                    0.020622467545085937,
                    -0.13020513569912326,
                    -652.746351891756
                ],
                [
                    -0.1318281590938568,
                    -0.15506919399406202,
                    0.9790683584594473,
                    64.39385573863983
                ],
                [
                    0.0,
                    0.9876883405951378,
                    0.15643446504023087,
                    1.5
                ],
                [
                    0.0,
                    0.0,
                    0.0,
                    1.0
                ]
            ],
            "colmap_im_id": 39
        },
        {
            "file_path": "images/pinhole_00800.jpg",
            "mask_path": "masks/mask_pinhole_00800.jpg",
            "transform_matrix": [
                [
                    -0.9797384142875671,
                    0.031330920113438805,
                    -0.19781564432238705,
                    -649.6892980933189
                ],
                [
                    -0.20028144121170044,
                    -0.15326485471843965,
                    0.9676762086249988,
                    47.06460729837418
                ],
                [
                    0.0,
                    0.9876883405951378,
                    0.15643446504023087,
                    1.5
                ],
                [
                    0.0,
                    0.0,
                    0.0,
                    1.0
                ]
            ],
            "colmap_im_id": 40
        },
        {
            "file_path": "images/pinhole_00820.jpg",
            "mask_path": "masks/mask_pinhole_00820.jpg",
            "transform_matrix": [
                [
                    -0.9635217785835266,
                    0.04186655291286886,
                    -0.26433501186784863,
                    -645.4478314638138
                ],
                [
                    -0.2676299810409546,
                    -0.15072801398732577,
                    0.9516592266164392,
                    29.986661469936372
                ],
                [
                    0.0,
                    0.9876883405951378,
                    0.15643446504023087,
                    1.5
                ],
                [
                    0.0,
                    0.0,
                    0.0,
                    1.0
                ]
            ],
            "colmap_im_id": 41
        },
        {
            "file_path": "images/pinhole_00840.jpg",
            "mask_path": "masks/mask_pinhole_00840.jpg",
            "transform_matrix": [
                [
                    -0.942754864692688,
                    0.05216878648136247,
                    -0.32938075466546124,
                    -640.0400440752506
                ],
                [
                    -0.33348652720451355,
                    -0.14747935292227587,
                    0.9311479878963146,
                    13.241423392295838
                ],
                [
                    0.0,
                    0.9876883405951378,
                    0.15643446504023087,
                    1.5
                ],
                [
                    0.0,
                    0.0,
                    0.0,
                    1.0
                ]
            ],
            "colmap_im_id": 42
        },
        {
            "file_path": "images/pinhole_00860.jpg",
            "mask_path": "masks/mask_pinhole_00860.jpg",
            "transform_matrix": [
                [
                    -0.9176363348960876,
                    0.06217036987698133,
                    -0.3925282669786986,
                    -633.4919782996178
                ],
                [
                    -0.3974211812019348,
                    -0.1435499491509476,
                    0.9063387088833209,
                    -3.091760361194611
                ],
                [
                    0.0,
                    0.9876883405951378,
                    0.15643446504023087,
                    1.5
