{
    "camera_model": "OPENCV",
    "w": 1280,
    "h": 720,
    "fl_x": 751.3418667502033,
    "fl_y": 750.6179165472433,
    "cx": 640,
    "cy": 360,
    "k1": 0,
    "k2": 0,
    "k3": 0,
    "p1": 0,
    "p2": 0,
    "frames": [
        {
            "file_path": "images/pinhole_00000.jpg",
            "mask_path": "masks/mask_pinhole_00000.jpg",
            "transform_matrix": [
                [
                    -1.7555552403791808e-05,
                    -0.15643446504023087,
                    0.9876883405951378,
                    -150.26058654785157
                ],
                [
                    1.0,
                    -2.7462934487729106e-06,
                    1.7339414421932112e-05,
                    355.2576588296932
                ],
                [
                    0.0,
                    0.9876883405951378,
                    0.15643446504023087,
                    1.1646527647972107
                ],
                [
                    0.0,
                    0.0,
                    0.0,
                    1.0
                ]
            ],
            "colmap_im_id": 0
        },
        {
            "file_path": "images/pinhole_00005.jpg",
            "mask_path": "masks/mask_pinhole_00005.jpg",
            "transform_matrix": [
                [
                    -2.0193581804051064e-05,
                    -0.15643446504023087,
                    0.9876883405951378,
                    -154.65809326171876
                ],
                [
                    1.0,
                    -3.1589721667628686e-06,
                    1.9944965302715363e-05,
                    355.2575625285059
                ],
                [
                    0.0,
                    0.9876883405951378,
                    0.15643446504023087,
                    1.5
                ],
                [
                    0.0,
                    0.0,
                    0.0,
                    1.0
                ]
            ],
            "colmap_im_id": 1
        },
        {
            "file_path": "images/pinhole_00010.jpg",
            "mask_path": "masks/mask_pinhole_00010.jpg",
            "transform_matrix": [
                [
                    -2.126181425410323e-05,
                    -0.15643446504023087,
                    0.9876883405951378,
                    -159.05794982910157
                ],
                [
                    1.0,
                    -3.3260805386253938e-06,
                    2.1000046038677264e-05,
                    355.25746905295307
                ],
                [
                    0.0,
                    0.9876883405951378,
                    0.15643446504023087,
                    1.5
                ],
                [
                    0.0,
                    0.0,
                    0.0,
                    1.0
                ]
            ],
            "colmap_im_id": 2
        },
        {
            "file_path": "images/pinhole_00015.jpg",
            "mask_path": "masks/mask_pinhole_00015.jpg",
            "transform_matrix": [
                [
                    -1.3587658941105474e-05,
                    -0.15643446504023087,
                    0.9876883405951378,
                    -163.45802001953126
                ],
                [
                    1.0,
                    -2.1255781576009448e-06,
                    1.3420372312113152e-05,
                    355.2574218312764
                ],
                [
                    0.0,
                    0.9876883405951378,
                    0.15643446504023087,
                    1.5
                ],
                [
                    0.0,
                    0.0,
                    0.0,
                    1.0
                ]
            ],
            "colmap_im_id": 3
        },
        {
            "file_path": "images/pinhole_00020.jpg",
            "mask_path": "masks/mask_pinhole_00020.jpg",
            "transform_matrix": [
                [
                    -2.431508619338274e-05,
                    -0.15643446504023087,
                    0.9876883405951378,
                    -167.85801391601564
                ],
                [
                    1.0,
                    -3.8037175010689323e-06,
                    2.4015727133769943e-05,
                    355.25728045159485
                ],
                [
                    0.0,
                    0.9876883405951378,
                    0.15643446504023087,
                    1.5
                ],
                [
                    0.0,
                    0.0,
                    0.0,
                    1.0
                ]
            ],
            "colmap_im_id": 4
        },
        {
            "file_path": "images/pinhole_00025.jpg",
            "mask_path": "masks/mask_pinhole_00025.jpg",
            "transform_matrix": [
                [
                    -9.095950190385338e-06,
                    -0.15643446504023087,
                    0.9876883405951378,
                    -172.25802307128907
                ],
                [
                    1.0,
                    -1.4229201020655166e-06,
                    8.983963949677722e-06,
                    355.25724681088343
                ],
                [
                    0.0,
                    0.9876883405951378,
                    0.15643446504023087,
                    1.5
                ],
                [
                    0.0,
                    0.0,
                    0.0,
                    1.0
                ]
            ],
            "colmap_im_id": 5
        },
        {
            "file_path": "images/pinhole_00030.jpg",
            "mask_path": "masks/mask_pinhole_00030.jpg",
            "transform_matrix": [
                [
                    -1.4230263332137838e-05,
                    -0.15643446504023087,
                    0.9876883405951378,
                    -176.65801696777345
                ],
                [
                    1.0,
                    -2.226103631744596e-06,
                    1.4055065176751058e-05,
                    355.2571765339635
                ],
                [
                    0.0,
                    0.9876883405951378,
                    0.15643446504023087,
                    1.5
                ],
                [
                    0.0,
                    0.0,
                    0.0,
                    1.0
                ]
            ],
            "colmap_im_id": 6
        },
        {
            "file_path": "images/pinhole_00035.jpg",
            "mask_path": "masks/mask_pinhole_00035.jpg",
            "transform_matrix": [
                [
                    -1.7624615793465637e-05,
                    -0.15643446504023087,
                    0.9876883405951378,
                    -181.0580261230469
                ],
                [
                    1.0,
                    -2.757097343190401e-06,
                    1.7407627526674932e-05,
                    355.2570788713947
                ],
                [
                    0.0,
                    0.9876883405951378,
                    0.15643446504023087,
                    1.5
                ],
                [
                    0.0,
                    0.0,
                    0.0,
                    1.0
                ]
            ],
            "colmap_im_id": 7
        },
        {
            "file_path": "images/pinhole_00040.jpg",
            "mask_path": "masks/mask_pinhole_00040.jpg",
            "transform_matrix": [
                [
                    -2.0634952306863852e-05,
                    -0.15643446504023087,
                    0.9876883405951378,
                    -185.45802001953126
                ],
                [
                    1.0,
                    -3.2280177252549244e-06,
                    2.0380901802226167e-05,
                    355.2570124176327
                ],
                [
                    0.0,
                    0.9876883405951378,
                    0.15643446504023087,
                    1.5
                ],
                [
                    0.0,
                    0.0,
                    0.0,
                    1.0
                ]
            ],
            "colmap_im_id": 8
        },
        {
            "file_path": "images/pinhole_00045.jpg",
            "mask_path": "masks/mask_pinhole_00045.jpg",
            "transform_matrix": [
                [
                    -1.3951048458693549e-05,
                    -0.15643446504023087,
                    0.9876883405951378,
                    -189.85801391601564
                ],
                [
                    1.0,
                    -2.182424802386063e-06,
                    1.3779287901729386e-05,
                    355.25690237834715
                ],
                [
                    0.0,
                    0.9876883405951378,
                    0.15643446504023087,
                    1.5
                ],
                [
                    0.0,
                    0.0,
                    0.0,
                    1.0
                ]
            ],
            "colmap_im_id": 9
        },
        {
            "file_path": "images/pinhole_00050.jpg",
            "mask_path": "masks/mask_pinhole_00050.jpg",
            "transform_matrix": [
                [
                    -1.5423118384205736e-05,
                    -0.15643446504023087,
                    0.9876883405951378,
                    -194.25802307128907
                ],
                [
                    1.0,
                    -2.4127072736853744e-06,
                    1.5233234203698527e-05,
                    355.25683869346506
                ],
                [
                    0.0,
                    0.9876883405951378,
                    0.15643446504023087,
                    1.5
                ],
                [
                    0.0,
                    0.0,
                    0.0,
                    1.0
                ]
            ],
            "colmap_im_id": 10
        },
        {
            "file_path": "images/pinhole_00055.jpg",
            "mask_path": "masks/mask_pinhole_00055.jpg",
            "transform_matrix": [
                [
                    -2.6604502636473626e-05,
                    -0.15643446504023087,
                    0.9876883405951378,
                    -198.65801696777345
                ],
                [
                    1.0,
                    -4.1618611375981635e-06,
                    2.6276957061377605e-05,
                    355.2566964966609
                ],
                [
                    0.0,
                    0.9876883405951378,
                    0.15643446504023087,
                    1.5
                ],
                [
                    0.0,
                    0.0,
                    0.0,
                    1.0
                ]
            ],
            "colmap_im_id": 11
        },
        {
            "file_path": "images/pinhole_00060.jpg",
            "mask_path": "masks/mask_pinhole_00060.jpg",
            "transform_matrix": [
                [
                    -1.129004613176221e-05,
                    -0.15643446504023087,
                    0.9876883405951378,
                    -203.0580261230469
                ],
                [
                    1.0,
                    -1.7661523269017491e-06,
                    1.1151046929122772e-05,
                    355.2566630275263
                ],
                [
                    0.0,
                    0.9876883405951378,
                    0.15643446504023087,
                    1.5
                ],
                [
                    0.0,
                    0.0,
                    0.0,
                    1.0
                ]
            ],
            "colmap_im_id": 12
        },
        {
            "file_path": "images/pinhole_00065.jpg",
            "mask_path": "masks/mask_pinhole_00065.jpg",
            "transform_matrix": [
                [
                    -1.2098185834474862e-05,
                    -0.15643446504023087,
                    0.9876883405951378,
                    -207.45802001953126
                ],
                [
                    1.0,
                    -1.892573228973374e-06,
                    1.1949237091064079e-05,
                    355.25663105529674
                ],
                [
                    0.0,
                    0.9876883405951378,
                    0.15643446504023087,
                    1.5
                ],
                [
                    0.0,
                    0.0,
                    0.0,
                    1.0
                ]
            ],
            "colmap_im_id": 13
        },
        {
            "file_path": "images/pinhole_00070.jpg",
            "mask_path": "masks/mask_pinhole_00070.jpg",
            "transform_matrix": [
                [
                    -2.2724849259248003e-05,
                    -0.15643446504023087,
                    0.9876883405951378,
                    -211.8580291748047
                ],
                [
                    1.0,
                    -3.554949636990348e-06,
                    2.2445068655141305e-05,
                    355.2565203745682
                ],
                [
                    0.0,
                    0.9876883405951378,
                    0.15643446504023087,
                    1.5
                ],
                [
                    0.0,
                    0.0,
                    0.0,
                    1.0
                ]
            ],
            "colmap_im_id": 14
        },
        {
            "file_path": "images/pinhole_00075.jpg",
            "mask_path": "masks/mask_pinhole_00075.jpg",
            "transform_matrix": [
                [
                    -2.900980325648561e-05,
                    -0.15643446504023087,
                    0.9876883405951378,
                    -216.25802307128907
                ],
                [
                    1.0,
                    -4.538133053350674e-06,
                    2.8652644439389696e-05,
                    355.2563869913385
                ],
                [
                    0.0,
                    0.9876883405951378,
                    0.15643446504023087,
                    1.5
                ],
                [
                    0.0,
                    0.0,
                    0.0,
                    1.0
                ]
            ],
            "colmap_im_id": 15
        },
        {
            "file_path": "images/pinhole_00080.jpg",
            "mask_path": "masks/mask_pinhole_00080.jpg",
            "transform_matrix": [
                [
                    -2.88581577478908e-05,
                    -0.15643446504023087,
                    0.9876883405951378,
                    -220.65801696777345
                ],
                [
                    1.0,
                    -4.514410469337891e-06,
                    2.8502865938646983e-05,
                    355.25629571156605
                ],
                [
                    0.0,
                    0.9876883405951378,
                    0.15643446504023087,
                    1.5
                ],
                [
                    0.0,
                    0.0,
                    0.0,
                    1.0
                ]
            ],
            "colmap_im_id": 16
        },
        {
            "file_path": "images/pinhole_00085.jpg",
            "mask_path": "masks/mask_pinhole_00085.jpg",
            "transform_matrix": [
                [
                    -8.130788955895696e-06,
                    -0.15643446504023087,
                    0.9876883405951378,
                    -225.0580261230469
                ],
                [
                    1.0,
                    -1.2719356206705605e-06,
                    8.030685451577892e-06,
                    355.2562719856736
                ],
                [
                    0.0,
                    0.9876883405951378,
                    0.15643446504023087,
                    1.5
                ],
                [
                    0.0,
                    0.0,
                    0.0,
                    1.0
                ]
            ],
            "colmap_im_id": 17
        },
        {
            "file_path": "images/pinhole_00090.jpg",
            "mask_path": "masks/mask_pinhole_00090.jpg",
            "transform_matrix": [
                [
                    -1.574128145875875e-05,
                    -0.15643446504023087,
                    0.9876883405951378,
                    -229.45802001953126
                ],
                [
                    1.0,
                    -2.46247894404863e-06,
                    1.5547480162842438e-05,
                    355.25619725163085
                ],
                [
                    0.0,
                    0.9876883405951378,
                    0.15643446504023087,
                    1.5
                ],
                [
                    0.0,
                    0.0,
                    0.0,
                    1.0
                ]
            ],
            "colmap_im_id": 18
        },
        {
            "file_path": "images/pinhole_00095.jpg",
            "mask_path": "masks/mask_pinhole_00095.jpg",
            "transform_matrix": [
                [
                    -2.2855816496303305e-05,
                    -0.15643446504023087,
                    0.9876883405951378,
                    -233.8580291748047
                ],
                [
                    1.0,
                    -3.5754374266568915e-06,
                    2.2574423468180787e-05,
                    355.25612341031155
                ],
                [
                    0.0,
                    0.9876883405951378,
                    0.15643446504023087,
                    1.5
                ],
                [
                    0.0,
                    0.0,
                    0.0,
                    1.0
                ]
            ],
            "colmap_im_id": 19
        },
        {
            "file_path": "images/pinhole_00100.jpg",
            "mask_path": "masks/mask_pinhole_00100.jpg",
            "transform_matrix": [
                [
                    -1.923763375089038e-05,
                    -0.15643446504023087,
                    0.9876883405951378,
                    -238.25802307128907
                ],
                [
                    1.0,
                    -3.0094289444604267e-06,
                    1.9000786556393938e-05,
                    355.2560383703061
                ],
                [
                    0.0,
                    0.9876883405951378,
                    0.15643446504023087,
                    1.5
                ],
                [
                    0.0,
                    0.0,
                    0.0,
                    1.0
                ]
            ],
            "colmap_im_id": 20
        },
        {
            "file_path": "images/pinhole_00105.jpg",
            "mask_path": "masks/mask_pinhole_00105.jpg",
            "transform_matrix": [
                [
                    -1.836644150898792e-05,
                    -0.15643446504023087,
                    0.9876883405951378,
                    -242.6580322265625
                ],
                [
                    1.0,
                    -2.8731444521512157e-06,
                    1.8140320136649936e-05,
                    355.2559483857178
                ],
                [
                    0.0,
                    0.9876883405951378,
                    0.15643446504023087,
                    1.5
                ],
                [
                    0.0,
                    0.0,
                    0.0,
                    1.0
                ]
            ],
            "colmap_im_id": 21
        },
        {
            "file_path": "images/pinhole_00110.jpg",
            "mask_path": "masks/mask_pinhole_00110.jpg",
            "transform_matrix": [
                [
                    -1.1946694939979352e-05,
                    -0.15643446504023087,
                    0.9876883405951378,
                    -247.0580261230469
                ],
                [
                    1.0,
                    -1.868874831934503e-06,
                    1.1799611300864536e-05,
                    355.25589890610536
                ],
                [
                    0.0,
                    0.9876883405951378,
                    0.15643446504023087,
                    1.5
                ],
                [
                    0.0,
                    0.0,
                    0.0,
                    1.0
                ]
            ],
            "colmap_im_id": 22
        },
        {
            "file_path": "images/pinhole_00115.jpg",
            "mask_path": "masks/mask_pinhole_00115.jpg",
            "transform_matrix": [
                [
                    -2.2587008061236702e-05,
                    -0.15643446504023087,
                    0.9876883405951378,
                    -251.45802001953126
                ],
                [
                    1.0,
                    -3.5333865229189456e-06,
                    2.230892451101188e-05,
                    355.25575768322926
                ],
                [
                    0.0,
                    0.9876883405951378,
                    0.15643446504023087,
                    1.5
                ],
                [
                    0.0,
                    0.0,
                    0.0,
                    1.0
                ]
            ],
            "colmap_im_id": 23
        },
        {
            "file_path": "images/pinhole_00120.jpg",
            "mask_path": "masks/mask_pinhole_00120.jpg",
            "transform_matrix": [
                [
                    -1.524566687294282e-05,
                    -0.15643446504023087,
                    0.9876883405951378,
                    -255.8580291748047
                ],
                [
                    1.0,
                    -2.3849477414503794e-06,
                    1.5057967415003157e-05,
                    355.25570986248715
                ],
                [
                    0.0,
                    0.9876883405951378,
                    0.15643446504023087,
                    1.5
                ],
                [
                    0.0,
                    0.0,
                    0.0,
                    1.0
                ]
            ],
            "colmap_im_id": 24
        },
        {
            "file_path": "images/pinhole_00125.jpg",
            "mask_path": "masks/mask_pinhole_00125.jpg",
            "transform_matrix": [
                [
                    -2.7544421755010262e-05,
                    -0.15643446504023087,
                    0.9876883405951378,
                    -260.25803833007814
                ],
                [
                    1.0,
                    -4.308896882087527e-06,
                    2.72053042158587e-05,
                    355.25559617199394
                ],
                [
                    0.0,
                    0.9876883405951378,
                    0.15643446504023087,
                    1.5
                ],
                [
                    0.0,
                    0.0,
                    0.0,
                    1.0
                ]
            ],
            "colmap_im_id": 25
        },
        {
            "file_path": "images/pinhole_00130.jpg",
            "mask_path": "masks/mask_pinhole_00130.jpg",
            "transform_matrix": [
                [
                    -2.1528721845243126e-05,
                    -0.15643446504023087,
                    0.9876883405951378,
                    -264.6580322265625
                ],
                [
                    1.0,
                    -3.3678340848605403e-06,
                    2.1263667554462476e-05,
                    355.25551544751943
                ],
                [
                    0.0,
                    0.9876883405951378,
                    0.15643446504023087,
                    1.5
                ],
                [
                    0.0,
                    0.0,
                    0.0,
                    1.0
                ]
            ],
            "colmap_im_id": 26
        },
        {
            "file_path": "images/pinhole_00135.jpg",
            "mask_path": "masks/mask_pinhole_00135.jpg",
            "transform_matrix": [
                [
                    -1.9074304873356596e-05,
                    -0.15643446504023087,
                    0.9876883405951378,
                    -269.0580261230469
                ],
                [
                    1.0,
                    -2.9838786788778076e-06,
                    1.8839468528371327e-05,
                    355.2554588303137
                ],
                [
                    0.0,
                    0.9876883405951378,
                    0.15643446504023087,
                    1.5
                ],
                [
                    0.0,
                    0.0,
                    0.0,
                    1.0
                ]
            ],
            "colmap_im_id": 27
        },
        {
            "file_path": "images/pinhole_00140.jpg",
            "mask_path": "masks/mask_pinhole_00140.jpg",
            "transform_matrix": [
                [
                    -1.5350036846939474e-05,
                    -0.15643446504023087,
                    0.9876883405951378,
                    -273.45802001953126
                ],
                [
                    1.0,
                    -2.401274802498809e-06,
                    1.516105242142787e-05,
                    355.2553739812618
                ],
                [
                    0.0,
                    0.9876883405951378,
                    0.15643446504023087,
                    1.5
                ],
                [
                    0.0,
                    0.0,
                    0.0,
                    1.0
                ]
            ],
            "colmap_im_id": 28
        },
        {
            "file_path": "images/pinhole_00145.jpg",
            "mask_path": "masks/mask_pinhole_00145.jpg",
            "transform_matrix": [
                [
                    -1.9297071048640646e-05,
                    -0.15643446504023087,
                    0.9876883405951378,
                    -277.85804443359376
                ],
                [
                    1.0,
                    -3.0187269863374264e-06,
                    1.9059492082378356e-05,
                    355.2552753238659
                ],
                [
                    0.0,
                    0.9876883405951378,
                    0.15643446504023087,
                    1.5
                ],
                [
                    0.0,
                    0.0,
                    0.0,
                    1.0
                ]
            ],
            "colmap_im_id": 29
        },
        {
            "file_path": "images/pinhole_00150.jpg",
            "mask_path": "masks/mask_pinhole_00150.jpg",
            "transform_matrix": [
                [
                    1.5366529169114074e-06,
                    -0.15643446504023087,
                    0.9876883405951378,
                    -282.25803833007814
                ],
                [
                    1.0,
                    2.4038547700954633e-07,
                    -1.517734169574906e-06,
                    355.2552212718346
                ],
                [
                    0.0,
                    0.9876883405951378,
                    0.15643446504023087,
                    1.5
                ],
                [
                    0.0,
                    0.0,
                    0.0,
                    1.0
                ]
            ],
            "colmap_im_id": 30
        },
        {
            "file_path": "images/pinhole_00155.jpg",
            "mask_path": "masks/mask_pinhole_00155.jpg",
            "transform_matrix": [
                [
                    4.237488974467851e-05,
                    -0.15643446504023087,
                    0.9876883405951378,
                    -286.6580322265625
                ],
                [
                    1.0,
                    6.628893208347548e-06,
                    -4.1853184534823444e-05,
                    355.2554168509734
                ],
                [
                    0.0,
                    0.9876883405951378,
                    0.15643446504023087,
                    1.5
                ],
                [
                    0.0,
                    0.0,
                    0.0,
                    1.0
                ]
            ],
            "colmap_im_id": 31
        },
        {
            "file_path": "images/pinhole_00160.jpg",
            "mask_path": "masks/mask_pinhole_00160.jpg",
            "transform_matrix": [
                [
                    5.4345167882274836e-05,
                    -0.15643446504023087,
                    0.9876883405951378,
                    -291.0580261230469
                ],
                [
                    1.0,
                    8.5014572651852e-06,
                    -5.367608868500821e-05,
                    355.2556520205209
                ],
                [
                    0.0,
                    0.9876883405951378,
                    0.15643446504023087,
                    1.5
                ],
                [
                    0.0,
                    0.0,
                    0.0,
                    1.0
                ]
            ],
            "colmap_im_id": 32
        },
        {
            "file_path": "images/pinhole_00165.jpg",
            "mask_path": "masks/mask_pinhole_00165.jpg",
            "transform_matrix": [
                [
                    4.198366150376387e-05,
                    -0.15643446504023087,
                    0.9876883405951378,
                    -295.45802001953126
                ],
                [
                    1.0,
                    6.567691627771435e-06,
                    -4.14667729627605e-05,
                    355.2558128752782
                ],
                [
                    0.0,
                    0.9876883405951378,
                    0.15643446504023087,
                    1.5
                ],
                [
                    0.0,
                    0.0,
                    0.0,
                    1.0
                ]
            ],
            "colmap_im_id": 33
        },
        {
            "file_path": "images/pinhole_00170.jpg",
            "mask_path": "masks/mask_pinhole_00170.jpg",
            "transform_matrix": [
                [
                    3.384104638826102e-05,
                    -0.15643446504023087,
                    0.9876883405951378,
                    -299.85804443359376
                ],
                [
                    1.0,
                    5.293905988149249e-06,
                    -3.342440695122461e-05,
                    355.25598132403974
                ],
                [
                    0.0,
                    0.9876883405951378,
                    0.15643446504023087,
                    1.5
                ],
                [
                    0.0,
                    0.0,
                    0.0,
                    1.0
                ]
            ],
            "colmap_im_id": 34
        },
        {
            "file_path": "images/pinhole_00175.jpg",
            "mask_path": "masks/mask_pinhole_00175.jpg",
            "transform_matrix": [
                [
                    3.305605423520319e-05,
                    -0.15643446504023087,
                    0.9876883405951378,
                    -304.25803833007814
                ],
                [
                    1.0,
                    5.17110616062487e-06,
                    -3.264907935419072e-05,
                    355.25616301652263
                ],
                [
                    0.0,
                    0.9876883405951378,
                    0.15643446504023087,
                    1.5
                ],
                [
                    0.0,
                    0.0,
                    0.0,
                    1.0
                ]
            ],
            "colmap_im_id": 35
        },
        {
            "file_path": "images/pinhole_00180.jpg",
            "mask_path": "masks/mask_pinhole_00180.jpg",
            "transform_matrix": [
                [
                    3.211797229596414e-05,
                    -0.15643446504023087,
                    0.9876883405951378,
                    -308.6580322265625
                ],
                [
                    1.0,
                    5.024357814296105e-06,
                    -3.1722546760281424e-05,
                    355.25631391586575
                ],
                [
                    0.0,
                    0.9876883405951378,
                    0.15643446504023087,
                    1.5
                ],
                [
                    0.0,
                    0.0,
                    0.0,
                    1.0
                ]
            ],
            "colmap_im_id": 36
        },
        {
            "file_path": "images/pinhole_00185.jpg",
            "mask_path": "masks/mask_pinhole_00185.jpg",
            "transform_matrix": [
                [
                    3.841846773866564e-05,
                    -0.15643446504023087,
                    0.9876883405951378,
                    -313.0580261230469
                ],
                [
                    1.0,
                    6.009972448363528e-06,
                    -3.79454726490105e-05,
                    355.2565083622263
                ],
                [
                    0.0,
                    0.9876883405951378,
                    0.15643446504023087,
                    1.5
                ],
                [
                    0.0,
                    0.0,
                    0.0,
                    1.0
                ]
            ],
            "colmap_im_id": 37
        },
        {
            "file_path": "images/pinhole_00190.jpg",
            "mask_path": "masks/mask_pinhole_00190.jpg",
            "transform_matrix": [
                [
                    2.724418300203979e-05,
                    -0.15643446504023087,
                    0.9876883405951378,
                    -317.45802001953126
                ],
                [
                    1.0,
                    4.261929193382246e-06,
                    -2.690876190015494e-05,
                    355.25667135398254
                ],
                [
                    0.0,
                    0.9876883405951378,
                    0.15643446504023087,
                    1.5
                ],
                [
                    0.0,
                    0.0,
                    0.0,
                    1.0
                ]
            ],
            "colmap_im_id": 38
        },
        {
            "file_path": "images/pinhole_00195.jpg",
            "mask_path": "masks/mask_pinhole_00195.jpg",
            "transform_matrix": [
                [
                    3.1414718250744045e-05,
                    -0.15643446504023087,
                    0.9876883405951378,
                    -321.85804443359376
                ],
                [
                    1.0,
                    4.914344643944722e-06,
                    -3.102795093934117e-05,
                    355.2568619664147
                ],
                [
                    0.0,
                    0.9876883405951378,
                    0.15643446504023087,
                    1.5
                ],
                [
                    0.0,
                    0.0,
                    0.0,
                    1.0
                ]
            ],
            "colmap_im_id": 39
        },
        {
            "file_path": "images/pinhole_00200.jpg",
            "mask_path": "masks/mask_pinhole_00200.jpg",
            "transform_matrix": [
                [
                    3.873668538290076e-05,
                    -0.15643446504023087,
                    0.9876883405951378,
                    -326.25803833007814
                ],
                [
                    1.0,
                    6.059752655305811e-06,
                    -3.825977250599318e-05,
                    355.2570277338462
                ],
                [
                    0.0,
                    0.9876883405951378,
                    0.15643446504023087,
                    1.5
                ],
                [
                    0.0,
                    0.0,
                    0.0,
                    1.0
                ]
            ],
            "colmap_im_id": 40
        },
        {
            "file_path": "images/pinhole_00205.jpg",
            "mask_path": "masks/mask_pinhole_00205.jpg",
            "transform_matrix": [
                [
                    3.458709761616774e-05,
                    -0.15643446504023087,
                    0.9876883405951378,
                    -330.6580322265625
                ],
                [
                    1.0,
                    5.4106141128794445e-06,
                    -3.416127305051476e-05,
                    355.25720337005697
                ],
                [
                    0.0,
                    0.9876883405951378,
                    0.15643446504023087,
                    1.5
                ],
                [
                    0.0,
                    0.0,
                    0.0,
                    1.0
                ]
            ],
            "colmap_im_id": 41
        },
        {
            "file_path": "images/pinhole_00210.jpg",
            "mask_path": "masks/mask_pinhole_00210.jpg",
            "transform_matrix": [
                [
                    3.997149906354025e-05,
                    -0.15643446504023087,
                    0.9876883405951378,
                    -335.0580261230469
                ],
                [
                    1.0,
                    6.252920072861008e-06,
                    -3.947938358116817e-05,
                    355.25736564987017
                ],
                [
                    0.0,
                    0.9876883405951378,
                    0.15643446504023087,
                    1.5
                ],
                [
                    0.0,
                    0.0,
                    0.0,
                    1.0
                ]
            ],
            "colmap_im_id": 42
        },
        {
            "file_path": "images/pinhole_00215.jpg",
            "mask_path": "masks/mask_pinhole_00215.jpg",
            "transform_matrix": [
                [
                    3.861059303744696e-05,
                    -0.15643446504023087,
                    0.9876883405951378,
                    -339.4580505371094
                ],
                [
                    1.0,
                    6.040027466699078e-06,
                    -3.813523256655017e-05,
                    355.25757682328623
                ],
                [
                    0.0,
                    0.9876883405951378,
                    0.15643446504023087,
                    1.5
                ],
                [
                    0.0,
                    0.0,
                    0.0,
                    1.0
                ]
            ],
