{
    "camera_model": "OPENCV",
    "w": 1280,
    "h": 720,
    "fl_x": 751.3418667502033,
    "fl_y": 750.6179165472433,
    "cx": 640,
    "cy": 360,
    "k1": 0,
    "k2": 0,
    "k3": 0,
    "p1": 0,
    "p2": 0,
    "frames": [
        {
            "file_path": "images/pinhole_00000.jpg",
            "mask_path": "masks/mask_pinhole_00000.jpg",
            "transform_matrix": [
                [
                    -1.7555552403791808e-05,
                    -0.15643446504023087,
                    0.9876883405951378,
                    -150.26058654785157
                ],
                [
                    1.0,
                    -2.7462934487729106e-06,
                    1.7339414421932112e-05,
                    355.2576588296932
                ],
                [
                    0.0,
                    0.9876883405951378,
                    0.15643446504023087,
                    1.1646527647972107
                ],
                [
                    0.0,
                    0.0,
                    0.0,
                    1.0
                ]
            ],
            "colmap_im_id": 0
        },
        {
            "file_path": "images/pinhole_00010.jpg",
            "mask_path": "masks/mask_pinhole_00010.jpg",
            "transform_matrix": [
                [
                    -2.126181425410323e-05,
                    -0.15643446504023087,
                    0.9876883405951378,
                    -159.05794982910157
                ],
                [
                    1.0,
                    -3.3260805386253938e-06,
                    2.1000046038677264e-05,
                    355.25746905295307
                ],
                [
                    0.0,
                    0.9876883405951378,
                    0.15643446504023087,
                    1.5
                ],
                [
                    0.0,
                    0.0,
                    0.0,
                    1.0
                ]
            ],
            "colmap_im_id": 1
        },
        {
            "file_path": "images/pinhole_00020.jpg",
            "mask_path": "masks/mask_pinhole_00020.jpg",
            "transform_matrix": [
                [
                    -2.431508619338274e-05,
                    -0.15643446504023087,
                    0.9876883405951378,
                    -167.85801391601564
                ],
                [
                    1.0,
                    -3.8037175010689323e-06,
                    2.4015727133769943e-05,
                    355.25728045159485
                ],
                [
                    0.0,
                    0.9876883405951378,
                    0.15643446504023087,
                    1.5
                ],
                [
                    0.0,
                    0.0,
                    0.0,
                    1.0
                ]
            ],
            "colmap_im_id": 2
        },
        {
            "file_path": "images/pinhole_00030.jpg",
            "mask_path": "masks/mask_pinhole_00030.jpg",
            "transform_matrix": [
                [
                    -1.4230263332137838e-05,
                    -0.15643446504023087,
                    0.9876883405951378,
                    -176.65801696777345
                ],
                [
                    1.0,
                    -2.226103631744596e-06,
                    1.4055065176751058e-05,
                    355.2571765339635
                ],
                [
                    0.0,
                    0.9876883405951378,
                    0.15643446504023087,
                    1.5
                ],
                [
                    0.0,
                    0.0,
                    0.0,
                    1.0
                ]
            ],
            "colmap_im_id": 3
        },
        {
            "file_path": "images/pinhole_00040.jpg",
            "mask_path": "masks/mask_pinhole_00040.jpg",
            "transform_matrix": [
                [
                    -2.0634952306863852e-05,
                    -0.15643446504023087,
                    0.9876883405951378,
                    -185.45802001953126
                ],
                [
                    1.0,
                    -3.2280177252549244e-06,
                    2.0380901802226167e-05,
                    355.2570124176327
                ],
                [
                    0.0,
                    0.9876883405951378,
                    0.15643446504023087,
                    1.5
                ],
                [
                    0.0,
                    0.0,
                    0.0,
                    1.0
                ]
            ],
            "colmap_im_id": 4
        },
        {
            "file_path": "images/pinhole_00050.jpg",
            "mask_path": "masks/mask_pinhole_00050.jpg",
            "transform_matrix": [
                [
                    -1.5423118384205736e-05,
                    -0.15643446504023087,
                    0.9876883405951378,
                    -194.25802307128907
                ],
                [
                    1.0,
                    -2.4127072736853744e-06,
                    1.5233234203698527e-05,
                    355.25683869346506
                ],
                [
                    0.0,
                    0.9876883405951378,
                    0.15643446504023087,
                    1.5
                ],
                [
                    0.0,
                    0.0,
                    0.0,
                    1.0
                ]
            ],
            "colmap_im_id": 5
        },
        {
            "file_path": "images/pinhole_00060.jpg",
            "mask_path": "masks/mask_pinhole_00060.jpg",
            "transform_matrix": [
                [
                    -1.129004613176221e-05,
                    -0.15643446504023087,
                    0.9876883405951378,
                    -203.0580261230469
                ],
                [
                    1.0,
                    -1.7661523269017491e-06,
                    1.1151046929122772e-05,
                    355.2566630275263
                ],
                [
                    0.0,
                    0.9876883405951378,
                    0.15643446504023087,
                    1.5
                ],
                [
                    0.0,
                    0.0,
                    0.0,
                    1.0
                ]
            ],
            "colmap_im_id": 6
        },
        {
            "file_path": "images/pinhole_00070.jpg",
            "mask_path": "masks/mask_pinhole_00070.jpg",
            "transform_matrix": [
                [
                    -2.2724849259248003e-05,
                    -0.15643446504023087,
                    0.9876883405951378,
                    -211.8580291748047
                ],
                [
                    1.0,
                    -3.554949636990348e-06,
                    2.2445068655141305e-05,
                    355.2565203745682
                ],
                [
                    0.0,
                    0.9876883405951378,
                    0.15643446504023087,
                    1.5
                ],
                [
                    0.0,
                    0.0,
                    0.0,
                    1.0
                ]
            ],
            "colmap_im_id": 7
        },
        {
            "file_path": "images/pinhole_00080.jpg",
            "mask_path": "masks/mask_pinhole_00080.jpg",
            "transform_matrix": [
                [
                    -2.88581577478908e-05,
                    -0.15643446504023087,
                    0.9876883405951378,
                    -220.65801696777345
                ],
                [
                    1.0,
                    -4.514410469337891e-06,
                    2.8502865938646983e-05,
                    355.25629571156605
                ],
                [
                    0.0,
                    0.9876883405951378,
                    0.15643446504023087,
                    1.5
                ],
                [
                    0.0,
                    0.0,
                    0.0,
                    1.0
                ]
            ],
            "colmap_im_id": 8
        },
        {
            "file_path": "images/pinhole_00090.jpg",
            "mask_path": "masks/mask_pinhole_00090.jpg",
            "transform_matrix": [
                [
                    -1.574128145875875e-05,
                    -0.15643446504023087,
                    0.9876883405951378,
                    -229.45802001953126
                ],
                [
                    1.0,
                    -2.46247894404863e-06,
                    1.5547480162842438e-05,
                    355.25619725163085
                ],
                [
                    0.0,
                    0.9876883405951378,
                    0.15643446504023087,
                    1.5
                ],
                [
                    0.0,
                    0.0,
                    0.0,
                    1.0
                ]
            ],
            "colmap_im_id": 9
        },
        {
            "file_path": "images/pinhole_00100.jpg",
            "mask_path": "masks/mask_pinhole_00100.jpg",
            "transform_matrix": [
                [
                    -1.923763375089038e-05,
                    -0.15643446504023087,
                    0.9876883405951378,
                    -238.25802307128907
                ],
                [
                    1.0,
                    -3.0094289444604267e-06,
                    1.9000786556393938e-05,
                    355.2560383703061
                ],
                [
                    0.0,
                    0.9876883405951378,
                    0.15643446504023087,
                    1.5
                ],
                [
                    0.0,
                    0.0,
                    0.0,
                    1.0
                ]
            ],
            "colmap_im_id": 10
        },
        {
            "file_path": "images/pinhole_00110.jpg",
            "mask_path": "masks/mask_pinhole_00110.jpg",
            "transform_matrix": [
                [
                    -1.1946694939979352e-05,
                    -0.15643446504023087,
                    0.9876883405951378,
                    -247.0580261230469
                ],
                [
                    1.0,
                    -1.868874831934503e-06,
                    1.1799611300864536e-05,
                    355.25589890610536
                ],
                [
                    0.0,
                    0.9876883405951378,
                    0.15643446504023087,
                    1.5
                ],
                [
                    0.0,
                    0.0,
                    0.0,
                    1.0
                ]
            ],
            "colmap_im_id": 11
        },
        {
            "file_path": "images/pinhole_00120.jpg",
            "mask_path": "masks/mask_pinhole_00120.jpg",
            "transform_matrix": [
                [
                    -1.524566687294282e-05,
                    -0.15643446504023087,
                    0.9876883405951378,
                    -255.8580291748047
                ],
                [
                    1.0,
                    -2.3849477414503794e-06,
                    1.5057967415003157e-05,
                    355.25570986248715
                ],
                [
                    0.0,
                    0.9876883405951378,
                    0.15643446504023087,
                    1.5
                ],
                [
                    0.0,
                    0.0,
                    0.0,
                    1.0
                ]
            ],
            "colmap_im_id": 12
        },
        {
            "file_path": "images/pinhole_00130.jpg",
            "mask_path": "masks/mask_pinhole_00130.jpg",
            "transform_matrix": [
                [
                    -2.1528721845243126e-05,
                    -0.15643446504023087,
                    0.9876883405951378,
                    -264.6580322265625
                ],
                [
                    1.0,
                    -3.3678340848605403e-06,
                    2.1263667554462476e-05,
                    355.25551544751943
                ],
                [
                    0.0,
                    0.9876883405951378,
                    0.15643446504023087,
                    1.5
                ],
                [
                    0.0,
                    0.0,
                    0.0,
                    1.0
                ]
            ],
            "colmap_im_id": 13
        },
        {
            "file_path": "images/pinhole_00140.jpg",
            "mask_path": "masks/mask_pinhole_00140.jpg",
            "transform_matrix": [
                [
                    -1.5350036846939474e-05,
                    -0.15643446504023087,
                    0.9876883405951378,
                    -273.45802001953126
                ],
                [
                    1.0,
                    -2.401274802498809e-06,
                    1.516105242142787e-05,
                    355.2553739812618
                ],
                [
                    0.0,
                    0.9876883405951378,
                    0.15643446504023087,
                    1.5
                ],
                [
                    0.0,
                    0.0,
                    0.0,
                    1.0
                ]
            ],
            "colmap_im_id": 14
        },
        {
            "file_path": "images/pinhole_00150.jpg",
            "mask_path": "masks/mask_pinhole_00150.jpg",
            "transform_matrix": [
                [
                    1.5366529169114074e-06,
                    -0.15643446504023087,
                    0.9876883405951378,
                    -282.25803833007814
                ],
                [
                    1.0,
                    2.4038547700954633e-07,
                    -1.517734169574906e-06,
                    355.2552212718346
                ],
                [
                    0.0,
                    0.9876883405951378,
                    0.15643446504023087,
                    1.5
                ],
                [
                    0.0,
                    0.0,
                    0.0,
                    1.0
                ]
            ],
            "colmap_im_id": 15
        },
        {
            "file_path": "images/pinhole_00160.jpg",
            "mask_path": "masks/mask_pinhole_00160.jpg",
            "transform_matrix": [
                [
                    5.4345167882274836e-05,
                    -0.15643446504023087,
                    0.9876883405951378,
                    -291.0580261230469
                ],
                [
                    1.0,
                    8.5014572651852e-06,
                    -5.367608868500821e-05,
                    355.2556520205209
                ],
                [
                    0.0,
                    0.9876883405951378,
                    0.15643446504023087,
                    1.5
                ],
                [
                    0.0,
                    0.0,
                    0.0,
                    1.0
                ]
            ],
            "colmap_im_id": 16
        },
        {
            "file_path": "images/pinhole_00170.jpg",
            "mask_path": "masks/mask_pinhole_00170.jpg",
            "transform_matrix": [
                [
                    3.384104638826102e-05,
                    -0.15643446504023087,
                    0.9876883405951378,
                    -299.85804443359376
                ],
                [
                    1.0,
                    5.293905988149249e-06,
                    -3.342440695122461e-05,
                    355.25598132403974
                ],
                [
                    0.0,
                    0.9876883405951378,
                    0.15643446504023087,
                    1.5
                ],
                [
                    0.0,
                    0.0,
                    0.0,
                    1.0
                ]
            ],
            "colmap_im_id": 17
        },
        {
            "file_path": "images/pinhole_00180.jpg",
            "mask_path": "masks/mask_pinhole_00180.jpg",
            "transform_matrix": [
                [
                    3.211797229596414e-05,
                    -0.15643446504023087,
                    0.9876883405951378,
                    -308.6580322265625
                ],
                [
                    1.0,
                    5.024357814296105e-06,
                    -3.1722546760281424e-05,
                    355.25631391586575
                ],
                [
                    0.0,
                    0.9876883405951378,
                    0.15643446504023087,
                    1.5
                ],
                [
                    0.0,
                    0.0,
                    0.0,
                    1.0
                ]
            ],
            "colmap_im_id": 18
        },
        {
            "file_path": "images/pinhole_00190.jpg",
            "mask_path": "masks/mask_pinhole_00190.jpg",
            "transform_matrix": [
                [
                    2.724418300203979e-05,
                    -0.15643446504023087,
                    0.9876883405951378,
                    -317.45802001953126
                ],
                [
                    1.0,
                    4.261929193382246e-06,
                    -2.690876190015494e-05,
                    355.25667135398254
                ],
                [
                    0.0,
                    0.9876883405951378,
                    0.15643446504023087,
                    1.5
                ],
                [
                    0.0,
                    0.0,
                    0.0,
                    1.0
                ]
            ],
            "colmap_im_id": 19
        },
        {
            "file_path": "images/pinhole_00200.jpg",
            "mask_path": "masks/mask_pinhole_00200.jpg",
            "transform_matrix": [
                [
                    3.873668538290076e-05,
                    -0.15643446504023087,
                    0.9876883405951378,
                    -326.25803833007814
                ],
                [
                    1.0,
                    6.059752655305811e-06,
                    -3.825977250599318e-05,
                    355.2570277338462
                ],
                [
                    0.0,
                    0.9876883405951378,
                    0.15643446504023087,
                    1.5
                ],
                [
                    0.0,
                    0.0,
                    0.0,
                    1.0
                ]
            ],
            "colmap_im_id": 20
        },
        {
            "file_path": "images/pinhole_00210.jpg",
            "mask_path": "masks/mask_pinhole_00210.jpg",
            "transform_matrix": [
                [
                    3.997149906354025e-05,
                    -0.15643446504023087,
                    0.9876883405951378,
                    -335.0580261230469
                ],
                [
                    1.0,
                    6.252920072861008e-06,
                    -3.947938358116817e-05,
                    355.25736564987017
                ],
                [
                    0.0,
                    0.9876883405951378,
                    0.15643446504023087,
                    1.5
                ],
                [
                    0.0,
                    0.0,
                    0.0,
                    1.0
                ]
            ],
            "colmap_im_id": 21
        },
        {
            "file_path": "images/pinhole_00220.jpg",
            "mask_path": "masks/mask_pinhole_00220.jpg",
            "transform_matrix": [
                [
                    3.431235018069856e-05,
                    -0.15643446504023087,
                    0.9876883405951378,
                    -343.85804443359376
                ],
                [
                    1.0,
                    5.367634144790648e-06,
                    -3.3889908211893434e-05,
                    355.2577216743397
                ],
                [
                    0.0,
                    0.9876883405951378,
                    0.15643446504023087,
                    1.5
                ],
                [
                    0.0,
                    0.0,
                    0.0,
                    1.0
                ]
            ],
            "colmap_im_id": 22
        },
        {
            "file_path": "images/pinhole_00230.jpg",
            "mask_path": "masks/mask_pinhole_00230.jpg",
            "transform_matrix": [
                [
                    2.9894970793975517e-05,
                    -0.15643446504023087,
                    0.9876883405951378,
                    -352.6580322265625
                ],
                [
                    1.0,
                    4.676603763548886e-06,
                    -2.9526914095641785e-05,
                    355.2580799339943
                ],
                [
                    0.0,
                    0.9876883405951378,
                    0.15643446504023087,
                    1.5
                ],
                [
                    0.0,
                    0.0,
                    0.0,
                    1.0
                ]
            ],
            "colmap_im_id": 23
        },
        {
            "file_path": "images/pinhole_00240.jpg",
            "mask_path": "masks/mask_pinhole_00240.jpg",
            "transform_matrix": [
                [
                    3.6349458241602406e-05,
                    -0.15643446504023087,
                    0.9876883405951378,
                    -361.4580505371094
                ],
                [
                    1.0,
                    5.686308054527284e-06,
                    -3.590193609218054e-05,
                    355.2584272454311
                ],
                [
                    0.0,
                    0.9876883405951378,
                    0.15643446504023087,
                    1.5
                ],
                [
                    0.0,
                    0.0,
                    0.0,
                    1.0
                ]
            ],
            "colmap_im_id": 24
        },
        {
            "file_path": "images/pinhole_00250.jpg",
            "mask_path": "masks/mask_pinhole_00250.jpg",
            "transform_matrix": [
                [
                    4.176599031779915e-05,
                    -0.15643446504023087,
                    0.9876883405951378,
                    -370.25803833007814
                ],
                [
                    1.0,
                    6.533640352240372e-06,
                    -4.1251781670299636e-05,
                    355.2587726885482
                ],
                [
                    0.0,
                    0.9876883405951378,
                    0.15643446504023087,
                    1.5
                ],
                [
                    0.0,
                    0.0,
                    0.0,
                    1.0
                ]
            ],
            "colmap_im_id": 25
        },
        {
            "file_path": "images/pinhole_00260.jpg",
            "mask_path": "masks/mask_pinhole_00260.jpg",
            "transform_matrix": [
                [
                    3.948435914935544e-05,
                    -0.15643446504023087,
                    0.9876883405951378,
                    -379.058056640625
                ],
                [
                    1.0,
                    6.1767146009857635e-06,
                    -3.899824116768932e-05,
                    355.2591347925496
                ],
                [
                    0.0,
                    0.9876883405951378,
                    0.15643446504023087,
                    1.5
                ],
                [
                    0.0,
                    0.0,
                    0.0,
                    1.0
                ]
            ],
            "colmap_im_id": 26
        },
        {
            "file_path": "images/pinhole_00270.jpg",
            "mask_path": "masks/mask_pinhole_00270.jpg",
            "transform_matrix": [
                [
                    -0.00018918314890470356,
                    -0.15643446504023087,
                    0.9876883405951378,
                    -387.85804443359376
                ],
                [
                    1.0,
                    -2.9594764693533638e-05,
                    0.0001868539904102495,
                    355.2588757789257
                ],
                [
                    0.0,
                    0.9876883405951378,
                    0.15643446504023087,
                    1.5
                ],
                [
                    0.0,
                    0.0,
                    0.0,
                    1.0
                ]
            ],
            "colmap_im_id": 27
        },
        {
            "file_path": "images/pinhole_00280.jpg",
            "mask_path": "masks/mask_pinhole_00280.jpg",
            "transform_matrix": [
                [
                    0.0014469296438619494,
                    -0.15643429720425792,
                    0.9876872809205094,
                    -396.658030295372
                ],
                [
                    0.999998927116394,
                    0.00022634966478839584,
                    -0.0014291155389039225,
                    355.27726267648393
                ],
                [
                    0.0,
                    0.9876883405951378,
                    0.15643446504023087,
                    1.5
                ],
                [
                    0.0,
                    0.0,
                    0.0,
                    1.0
                ]
            ],
            "colmap_im_id": 28
        },
        {
            "file_path": "images/pinhole_00290.jpg",
            "mask_path": "masks/mask_pinhole_00290.jpg",
            "transform_matrix": [
                [
                    -0.015566988848149776,
                    -0.15641550889950842,
                    0.9875686562329391,
                    -405.45746620893476
                ],
                [
                    0.9998788237571716,
                    -0.00243521357274755,
                    0.015375333383492068,
                    355.1862738536671
                ],
                [
                    0.0,
                    0.9876883405951378,
                    0.15643446504023087,
                    1.5
                ],
                [
                    0.0,
                    0.0,
                    0.0,
                    1.0
                ]
            ],
            "colmap_im_id": 29
        },
        {
            "file_path": "images/pinhole_00300.jpg",
            "mask_path": "masks/mask_pinhole_00300.jpg",
            "transform_matrix": [
                [
                    -0.04805077984929085,
                    -0.15625377096691057,
                    0.9865474831160189,
                    -414.25092378854754
                ],
                [
                    0.9988449215888977,
                    -0.007516798040489719,
                    0.04745919501364836,
                    354.8543044947088
                ],
                [
                    0.0,
                    0.9876883405951378,
                    0.15643446504023087,
                    1.5
                ],
                [
                    0.0,
                    0.0,
                    0.0,
                    1.0
                ]
            ],
            "colmap_im_id": 30
        },
        {
            "file_path": "images/pinhole_00310.jpg",
            "mask_path": "masks/mask_pinhole_00310.jpg",
            "transform_matrix": [
                [
                    -0.08348555862903595,
                    -0.1558883547569192,
                    0.984240335966699,
                    -423.02732828855517
                ],
                [
                    0.9965090155601501,
                    -0.013060018702718069,
                    0.0824577128659706,
                    354.2145026057959
                ],
                [
                    0.0,
                    0.9876883405951378,
                    0.15643446504023087,
                    1.5
                ],
                [
                    0.0,
                    0.0,
                    0.0,
                    1.0
                ]
            ],
            "colmap_im_id": 31
        },
        {
            "file_path": "images/pinhole_00320.jpg",
            "mask_path": "masks/mask_pinhole_00320.jpg",
            "transform_matrix": [
                [
                    -0.11744987219572067,
                    -0.15535175517874125,
                    0.9808523795672041,
                    -431.77573158740995
                ],
                [
                    0.9930788278579712,
                    -0.018373207925981048,
                    0.11600386937210236,
                    353.2650611773133
                ],
                [
                    0.0,
                    0.9876883405951378,
                    0.15643446504023087,
                    1.5
                ],
                [
                    0.0,
                    0.0,
                    0.0,
                    1.0
                ]
            ],
            "colmap_im_id": 32
        },
        {
            "file_path": "images/pinhole_00330.jpg",
            "mask_path": "masks/mask_pinhole_00330.jpg",
            "transform_matrix": [
                [
                    -0.15136432647705078,
                    -0.15463203722985597,
                    0.9763082592772908,
                    -440.48748195171356
                ],
                [
                    0.9884780645370483,
                    -0.02367859743861229,
                    0.14950078044341897,
                    352.0239309310913
                ],
                [
                    0.0,
                    0.9876883405951378,
                    0.15643446504023087,
                    1.5
                ],
                [
                    0.0,
                    0.0,
                    0.0,
                    1.0
                ]
            ],
            "colmap_im_id": 33
        },
        {
            "file_path": "images/pinhole_00340.jpg",
            "mask_path": "masks/mask_pinhole_00340.jpg",
            "transform_matrix": [
                [
                    -0.1860705316066742,
                    -0.15370255228744745,
                    0.9704397223142913,
                    -449.1495469212532
                ],
                [
                    0.9825363755226135,
                    -0.029107844071641447,
                    0.18377969459625118,
                    350.473422652483
                ],
                [
                    0.0,
                    0.9876883405951378,
                    0.15643446504023087,
                    1.5
                ],
                [
                    0.0,
                    0.0,
                    0.0,
                    1.0
                ]
            ],
            "colmap_im_id": 34
        },
        {
            "file_path": "images/pinhole_00350.jpg",
            "mask_path": "masks/mask_pinhole_00350.jpg",
            "transform_matrix": [
                [
                    -0.2188752293586731,
                    -0.15264137205159878,
                    0.9637396939928587,
                    -457.7547986984253
                ],
                [
                    0.9757528305053711,
                    -0.03423962941528186,
                    0.21618051208264802,
                    348.63349040746687
                ],
                [
                    0.0,
                    0.9876883405951378,
                    0.15643446504023087,
                    1.5
                ],
                [
                    0.0,
                    0.0,
                    0.0,
                    1.0
                ]
            ],
            "colmap_im_id": 35
        },
        {
            "file_path": "images/pinhole_00360.jpg",
            "mask_path": "masks/mask_pinhole_00360.jpg",
            "transform_matrix": [
                [
                    -0.2532304525375366,
                    -0.151335636154723,
                    0.9554956019961937,
                    -466.29021991491317
                ],
                [
                    0.9674059748649597,
                    -0.039613970374605116,
                    0.25011276545495537,
                    346.4930072069168
                ],
                [
                    0.0,
                    0.9876883405951378,
                    0.15643446504023087,
                    1.5
                ],
                [
                    0.0,
                    0.0,
                    0.0,
                    1.0
                ]
            ],
            "colmap_im_id": 36
        },
        {
            "file_path": "images/pinhole_00370.jpg",
            "mask_path": "masks/mask_pinhole_00370.jpg",
            "transform_matrix": [
                [
                    -0.2857782542705536,
                    -0.14991048496309448,
                    0.9464975515014081,
                    -474.7474848628044
                ],
                [
                    0.9582957625389099,
                    -0.044705568326945125,
                    0.2822598497386584,
                    344.0618930876255
                ],
                [
                    0.0,
                    0.9876883405951378,
                    0.15643446504023087,
                    1.5
                ],
                [
                    0.0,
                    0.0,
                    0.0,
                    1.0
                ]
            ],
            "colmap_im_id": 37
        },
        {
            "file_path": "images/pinhole_00380.jpg",
            "mask_path": "masks/mask_pinhole_00380.jpg",
            "transform_matrix": [
                [
                    -0.31908124685287476,
                    -0.14825722603578775,
                    0.9360592854449752,
                    -483.11579087972643
                ],
                [
                    0.947727382183075,
                    -0.04991530415579931,
                    0.3151528272191434,
                    341.3403266072273
                ],
                [
                    0.0,
                    0.9876883405951378,
                    0.15643446504023087,
                    1.5
                ],
                [
                    0.0,
                    0.0,
                    0.0,
                    1.0
                ]
            ],
            "colmap_im_id": 38
        },
        {
            "file_path": "images/pinhole_00390.jpg",
            "mask_path": "masks/mask_pinhole_00390.jpg",
            "transform_matrix": [
                [
                    -0.3513595163822174,
                    -0.14646029951563727,
                    0.9247139379066153,
                    -491.38490961790086
                ],
                [
                    0.9362406134605408,
                    -0.054964737982046416,
                    0.3470336976878624,
                    338.33077918887136
                ],
                [
                    0.0,
                    0.9876883405951378,
                    0.15643446504023087,
                    1.5
                ],
                [
                    0.0,
                    0.0,
                    0.0,
                    1.0
                ]
            ],
            "colmap_im_id": 39
        },
        {
            "file_path": "images/pinhole_00400.jpg",
            "mask_path": "masks/mask_pinhole_00400.jpg",
            "transform_matrix": [
                [
                    -0.3833927512168884,
                    -0.14448059029672533,
                    0.9122145458270939,
                    -499.5461207389832
                ],
                [
                    0.9235854148864746,
                    -0.05997583993691626,
                    0.378672550245613,
                    335.0398735165596
                ],
                [
                    0.0,
                    0.9876883405951378,
                    0.15643446504023087,
                    1.5
                ],
                [
                    0.0,
                    0.0,
                    0.0,
                    1.0
                ]
            ],
            "colmap_im_id": 40
        },
        {
            "file_path": "images/pinhole_00410.jpg",
            "mask_path": "masks/mask_pinhole_00410.jpg",
            "transform_matrix": [
                [
                    -0.41509270668029785,
                    -0.14232081172728128,
                    0.8985782406129039,
                    -507.5885912060738
                ],
                [
                    0.9097791314125061,
                    -0.06493480551163386,
                    0.40998222665420764,
                    331.4685924053192
                ],
                [
                    0.0,
                    0.9876883405951378,
                    0.15643446504023087,
                    1.5
                ],
                [
                    0.0,
                    0.0,
                    0.0,
                    1.0
                ]
            ],
            "colmap_im_id": 41
        },
        {
            "file_path": "images/pinhole_00420.jpg",
            "mask_path": "masks/mask_pinhole_00420.jpg",
            "transform_matrix": [
                [
                    -0.44620633125305176,
                    -0.13999791524057292,
                    0.8839120494015156,
                    -515.5029640674591
                ],
                [
                    0.8949301242828369,
                    -0.0698020487271352,
                    0.44071279087837106,
                    327.6217248439789
                ],
                [
                    0.0,
                    0.9876883405951378,
                    0.15643446504023087,
                    1.5
                ],
                [
                    0.0,
                    0.0,
                    0.0,
                    1.0
                ]
            ],
            "colmap_im_id": 42
        },
        {
            "file_path": "images/pinhole_00430.jpg",
            "mask_path": "masks/mask_pinhole_00430.jpg",
            "transform_matrix": [
                [
                    -0.47664523124694824,
                    -0.13752087073693223,
                    0.8682726059147368,
                    -523.2808586478234
                ],
                [
                    0.879095733165741,
                    -0.07456374176409349,
                    0.470776937502884,
                    323.505930185318
                ],
                [
                    0.0,
                    0.9876883405951378,
                    0.15643446504023087,
                    1.5
                ],
                [
                    0.0,
