{
    "camera_model": "OPENCV",
    "w": 1280,
    "h": 720,
    "fl_x": 751.3418667502033,
    "fl_y": 750.6179165472433,
    "cx": 640,
    "cy": 360,
    "k1": 0,
    "k2": 0,
    "p1": 0,
    "p2": 0,
    "frames": [
        {
            "file_path": "images/pinhole_00000.jpg",
            "mask_path": "masks/mask_00000.jpg",
            "transform_matrix": [
                [
                    -0.9876883405951378,
                    1.7339414421932112e-05,
                    -0.15643446504023087,
                    -144.78033050588667
                ],
                [
                    1.7555552403791808e-05,
                    1.0,
                    0.0,
                    -355.2576904296875
                ],
                [
                    0.15643446504023087,
                    -2.7462934487729106e-06,
                    -0.9876883405951378,
                    22.055570990432663
                ],
                [
                    0.0,
                    0.0,
                    0.0,
                    1.0
                ]
            ],
            "colmap_im_id": 0
        },
        {
            "file_path": "images/pinhole_00001.jpg",
            "mask_path": "masks/mask_00001.jpg",
            "transform_matrix": [
                [
                    -0.9876883405951378,
                    1.7339414421932112e-05,
                    -0.15643446504023087,
                    -145.7016745860161
                ],
                [
                    1.7555552403791808e-05,
                    1.0,
                    0.0,
                    -355.2576599121094
                ],
                [
                    0.15643446504023087,
                    -2.7462934487729106e-06,
                    -0.9876883405951378,
                    21.86197017623804
                ],
                [
                    0.0,
                    0.0,
                    0.0,
                    1.0
                ]
            ],
            "colmap_im_id": 1
        },
        {
            "file_path": "images/pinhole_00002.jpg",
            "mask_path": "masks/mask_00002.jpg",
            "transform_matrix": [
                [
                    -0.9876883405951378,
                    1.6208145497684584e-05,
                    -0.15643446504023087,
                    -146.57021216945876
                ],
                [
                    1.6410182070103474e-05,
                    1.0,
                    0.0,
                    -355.2576599121094
                ],
                [
                    0.15643446504023087,
                    -2.5671180533494253e-06,
                    -0.9876883405951378,
                    21.99953301529243
                ],
                [
                    0.0,
                    0.0,
                    0.0,
                    1.0
                ]
            ],
            "colmap_im_id": 2
        },
        {
            "file_path": "images/pinhole_00003.jpg",
            "mask_path": "masks/mask_00003.jpg",
            "transform_matrix": [
                [
                    -0.9876883405951378,
                    1.9620383534690672e-05,
                    -0.15643446504023087,
                    -147.43870454011727
                ],
                [
                    1.9864954083459452e-05,
                    1.0,
                    0.0,
                    -355.25762939453125
                ],
                [
                    0.15643446504023087,
                    -3.1075634650947292e-06,
                    -0.9876883405951378,
                    22.13708869334531
                ],
                [
                    0.0,
                    0.0,
                    0.0,
                    1.0
                ]
            ],
            "colmap_im_id": 3
        },
        {
            "file_path": "images/pinhole_00004.jpg",
            "mask_path": "masks/mask_00004.jpg",
            "transform_matrix": [
                [
                    -0.9876883405951378,
                    1.7776982229362916e-05,
                    -0.15643446504023087,
                    -148.3073325491282
                ],
                [
                    1.7998574548983015e-05,
                    1.0,
                    0.0,
                    -355.25762939453125
                ],
                [
                    0.15643446504023087,
                    -2.8155973810568727e-06,
                    -0.9876883405951378,
                    22.274665854402723
                ],
                [
                    0.0,
                    0.0,
                    0.0,
                    1.0
                ]
            ],
            "colmap_im_id": 4
        },
        {
            "file_path": "images/pinhole_00005.jpg",
            "mask_path": "masks/mask_00005.jpg",
            "transform_matrix": [
                [
                    -0.9876883405951378,
                    1.9944965302715363e-05,
                    -0.15643446504023087,
                    -149.1761564802038
                ],
                [
                    2.0193581804051064e-05,
                    1.0,
                    0.0,
                    -355.2575988769531
                ],
                [
                    0.15643446504023087,
                    -3.1589721667628686e-06,
                    -0.9876883405951378,
                    22.412274046466692
                ],
                [
                    0.0,
                    0.0,
                    0.0,
                    1.0
                ]
            ],
            "colmap_im_id": 5
        },
        {
            "file_path": "images/pinhole_00006.jpg",
            "mask_path": "masks/mask_00006.jpg",
            "transform_matrix": [
                [
                    -0.9876883405951378,
                    1.6162864126742264e-05,
                    -0.15643446504023087,
                    -150.0451461914879
                ],
                [
                    1.6364336261176504e-05,
                    1.0,
                    0.0,
                    -355.2575988769531
                ],
                [
                    0.15643446504023087,
                    -2.5599461887555984e-06,
                    -0.9876883405951378,
                    22.549908495536208
                ],
                [
                    0.0,
                    0.0,
                    0.0,
                    1.0
                ]
            ],
            "colmap_im_id": 6
        },
        {
            "file_path": "images/pinhole_00007.jpg",
            "mask_path": "masks/mask_00007.jpg",
            "transform_matrix": [
                [
                    -0.9876883405951378,
                    1.9149821266961676e-05,
                    -0.15643446504023087,
                    -150.91425647019642
                ],
                [
                    1.9388526197872125e-05,
                    1.0,
                    0.0,
                    -355.257568359375
                ],
                [
                    0.15643446504023087,
                    -3.0330337236826273e-06,
                    -0.9876883405951378,
                    22.687562040609755
                ],
                [
                    0.0,
                    0.0,
                    0.0,
                    1.0
                ]
            ],
            "colmap_im_id": 7
        },
        {
            "file_path": "images/pinhole_00008.jpg",
            "mask_path": "masks/mask_00008.jpg",
            "transform_matrix": [
                [
                    -0.9876883405951378,
                    2.2859586153526323e-05,
                    -0.15643446504023087,
                    -151.7834270326171
                ],
                [
                    2.3144533770391718e-05,
                    1.0,
                    0.0,
                    -355.257568359375
                ],
                [
                    0.15643446504023087,
                    -3.620602758976786e-06,
                    -0.9876883405951378,
                    22.82522513368532
                ],
                [
                    0.0,
                    0.0,
                    0.0,
                    1.0
                ]
            ],
            "colmap_im_id": 8
        },
        {
            "file_path": "images/pinhole_00009.jpg",
            "mask_path": "masks/mask_00009.jpg",
            "transform_matrix": [
                [
                    -0.9876883405951378,
                    2.657656257091792e-05,
                    -0.15643446504023087,
                    -152.6526277368939
                ],
                [
                    2.6907842766377144e-05,
                    1.0,
                    0.0,
                    -355.2575378417969
                ],
                [
                    0.15643446504023087,
                    -4.209313988544854e-06,
                    -0.9876883405951378,
                    22.96289300076189
                ],
                [
                    0.0,
                    0.0,
                    0.0,
                    1.0
                ]
            ],
            "colmap_im_id": 9
        },
        {
            "file_path": "images/pinhole_00010.jpg",
            "mask_path": "masks/mask_00010.jpg",
            "transform_matrix": [
                [
                    -0.9876883405951378,
                    2.1000046038677264e-05,
                    -0.15643446504023087,
                    -153.52184351209874
                ],
                [
                    2.126181425410323e-05,
                    1.0,
                    0.0,
                    -355.25750732421875
                ],
                [
                    0.15643446504023087,
                    -3.3260805386253938e-06,
                    -0.9876883405951378,
                    23.100563254838967
                ],
                [
                    0.0,
                    0.0,
                    0.0,
                    1.0
                ]
            ],
            "colmap_im_id": 10
        },
        {
            "file_path": "images/pinhole_00011.jpg",
            "mask_path": "masks/mask_00011.jpg",
            "transform_matrix": [
                [
                    -0.9876883405951378,
                    1.6127679617595524e-05,
                    -0.15643446504023087,
                    -154.39104421637555
                ],
                [
                    1.6328713172697462e-05,
                    1.0,
                    0.0,
                    -355.25750732421875
                ],
                [
                    0.15643446504023087,
                    -2.5543735099662986e-06,
                    -0.9876883405951378,
                    23.23823112191554
                ],
                [
                    0.0,
                    0.0,
                    0.0,
                    1.0
                ]
            ],
            "colmap_im_id": 11
        },
        {
            "file_path": "images/pinhole_00012.jpg",
            "mask_path": "masks/mask_00012.jpg",
            "transform_matrix": [
                [
                    -0.9876883405951378,
                    2.5463494946821822e-05,
                    -0.15643446504023087,
                    -155.26022984972428
                ],
                [
                    2.5780900614336133e-05,
                    1.0,
                    0.0,
                    -355.2574768066406
                ],
                [
                    0.15643446504023087,
                    -4.033021395859032e-06,
                    -0.9876883405951378,
                    23.37589660199161
                ],
                [
                    0.0,
                    0.0,
                    0.0,
                    1.0
                ]
            ],
            "colmap_im_id": 12
        },
        {
            "file_path": "images/pinhole_00013.jpg",
            "mask_path": "masks/mask_00013.jpg",
            "transform_matrix": [
                [
                    -0.9876883405951378,
                    1.5363758599839238e-05,
                    -0.15643446504023087,
                    -156.12941548307302
                ],
                [
                    1.5555269783362746e-05,
                    1.0,
                    0.0,
                    -355.2574768066406
                ],
                [
                    0.15643446504023087,
                    -2.433380307116819e-06,
                    -0.9876883405951378,
                    23.51356208206768
                ],
                [
                    0.0,
                    0.0,
                    0.0,
                    1.0
                ]
            ],
            "colmap_im_id": 13
        },
        {
            "file_path": "images/pinhole_00014.jpg",
            "mask_path": "masks/mask_00014.jpg",
            "transform_matrix": [
                [
                    -0.9876883405951378,
                    1.625222135363316e-05,
                    -0.15643446504023087,
                    -156.9985860454937
                ],
                [
                    1.6454807337140664e-05,
                    1.0,
                    0.0,
                    -355.2574462890625
                ],
                [
                    0.15643446504023087,
                    -2.5740989831256657e-06,
                    -0.9876883405951378,
                    23.651225175143242
                ],
                [
                    0.0,
                    0.0,
                    0.0,
                    1.0
                ]
            ],
            "colmap_im_id": 14
        },
        {
            "file_path": "images/pinhole_00015.jpg",
            "mask_path": "masks/mask_00015.jpg",
            "transform_matrix": [
                [
                    -0.9876883405951378,
                    1.3420372312113152e-05,
                    -0.15643446504023087,
                    -157.86774153698636
                ],
                [
                    1.3587658941105474e-05,
                    1.0,
                    0.0,
                    -355.2574462890625
                ],
                [
                    0.15643446504023087,
                    -2.1255781576009448e-06,
                    -0.9876883405951378,
                    23.788885881218302
                ],
                [
                    0.0,
                    0.0,
                    0.0,
                    1.0
                ]
            ],
            "colmap_im_id": 15
        },
        {
            "file_path": "images/pinhole_00016.jpg",
            "mask_path": "masks/mask_00016.jpg",
            "transform_matrix": [
                [
                    -0.9876883405951378,
                    2.4694680005305545e-05,
                    -0.15643446504023087,
                    -158.73691209940708
                ],
                [
                    2.5002502297866158e-05,
                    1.0,
                    0.0,
                    -355.2574157714844
                ],
                [
                    0.15643446504023087,
                    -3.9112530716338354e-06,
                    -0.9876883405951378,
                    23.92654897429387
                ],
                [
                    0.0,
                    0.0,
                    0.0,
                    1.0
                ]
            ],
            "colmap_im_id": 16
        },
        {
            "file_path": "images/pinhole_00017.jpg",
            "mask_path": "masks/mask_00017.jpg",
            "transform_matrix": [
                [
                    -0.9876883405951378,
                    2.2665512612290713e-05,
                    -0.15643446504023087,
                    -159.60606759089973
                ],
                [
                    2.2948041078052483e-05,
                    1.0,
                    0.0,
                    -355.25738525390625
                ],
                [
                    0.15643446504023087,
                    -3.5898645297663832e-06,
                    -0.9876883405951378,
                    24.06420968036893
                ],
                [
                    0.0,
                    0.0,
                    0.0,
                    1.0
                ]
            ],
            "colmap_im_id": 17
        },
        {
            "file_path": "images/pinhole_00018.jpg",
            "mask_path": "masks/mask_00018.jpg",
            "transform_matrix": [
                [
                    -0.9876883405951378,
                    1.7049435066395483e-05,
                    -0.15643446504023087,
                    -160.47523815332042
                ],
                [
                    1.726195841911249e-05,
                    1.0,
                    0.0,
                    -355.25738525390625
                ],
                [
                    0.15643446504023087,
                    -2.7003652308405717e-06,
                    -0.9876883405951378,
                    24.201872773444492
                ],
                [
                    0.0,
                    0.0,
                    0.0,
                    1.0
                ]
            ],
            "colmap_im_id": 18
        },
        {
            "file_path": "images/pinhole_00019.jpg",
            "mask_path": "masks/mask_00019.jpg",
            "transform_matrix": [
                [
                    -0.9876883405951378,
                    2.6622016414944294e-05,
                    -0.15643446504023087,
                    -161.34439364481307
                ],
                [
                    2.6953863198286854e-05,
                    1.0,
                    0.0,
                    -355.2573547363281
                ],
                [
                    0.15643446504023087,
                    -4.21651317019157e-06,
                    -0.9876883405951378,
                    24.339533479519552
                ],
                [
                    0.0,
                    0.0,
                    0.0,
                    1.0
                ]
            ],
            "colmap_im_id": 19
        },
        {
            "file_path": "images/pinhole_00020.jpg",
            "mask_path": "masks/mask_00020.jpg",
            "transform_matrix": [
                [
                    -0.9876883405951378,
                    2.4015727133769943e-05,
                    -0.15643446504023087,
                    -162.21356420723376
                ],
                [
                    2.431508619338274e-05,
                    1.0,
                    0.0,
                    -355.25732421875
                ],
                [
                    0.15643446504023087,
                    -3.8037175010689323e-06,
                    -0.9876883405951378,
                    24.47719657259512
                ],
                [
                    0.0,
                    0.0,
                    0.0,
                    1.0
                ]
            ],
            "colmap_im_id": 20
        },
        {
            "file_path": "images/pinhole_00021.jpg",
            "mask_path": "masks/mask_00021.jpg",
            "transform_matrix": [
                [
                    -0.9876883405951378,
                    2.553130561436852e-05,
                    -0.15643446504023087,
                    -163.08273476965445
                ],
                [
                    2.5849556550383568e-05,
                    1.0,
                    0.0,
                    -355.25732421875
                ],
                [
                    0.15643446504023087,
                    -4.043761550486449e-06,
                    -0.9876883405951378,
                    24.614859665670682
                ],
                [
                    0.0,
                    0.0,
                    0.0,
                    1.0
                ]
            ],
            "colmap_im_id": 21
        },
        {
            "file_path": "images/pinhole_00022.jpg",
            "mask_path": "masks/mask_00022.jpg",
            "transform_matrix": [
                [
                    -0.9876883405951378,
                    1.4561051799009304e-05,
                    -0.15643446504023087,
                    -163.95190533207514
                ],
                [
                    1.474255714128958e-05,
                    1.0,
                    0.0,
                    -355.2572937011719
                ],
                [
                    0.15643446504023087,
                    -2.306244039722671e-06,
                    -0.9876883405951378,
                    24.752522758746245
                ],
                [
                    0.0,
                    0.0,
                    0.0,
                    1.0
                ]
            ],
            "colmap_im_id": 22
        },
        {
            "file_path": "images/pinhole_00023.jpg",
            "mask_path": "masks/mask_00023.jpg",
            "transform_matrix": [
                [
                    -0.9876883405951378,
                    1.353415064974913e-05,
                    -0.15643446504023087,
                    -164.8210608235678
                ],
                [
                    1.3702855540032033e-05,
                    1.0,
                    0.0,
                    -355.2572937011719
                ],
                [
                    0.15643446504023087,
                    -2.143598875928475e-06,
                    -0.9876883405951378,
                    24.890183464821305
                ],
                [
                    0.0,
                    0.0,
                    0.0,
                    1.0
                ]
            ],
            "colmap_im_id": 23
        },
        {
            "file_path": "images/pinhole_00024.jpg",
            "mask_path": "masks/mask_00024.jpg",
            "transform_matrix": [
                [
                    -0.9876883405951378,
                    1.8836103506637672e-05,
                    -0.15643446504023087,
                    -165.69023138598848
                ],
                [
                    1.9070897906203754e-05,
                    1.0,
                    0.0,
                    -355.25726318359375
                ],
                [
                    0.15643446504023087,
                    -2.9833457117938433e-06,
                    -0.9876883405951378,
                    25.027846557896872
                ],
                [
                    0.0,
                    0.0,
                    0.0,
                    1.0
                ]
            ],
            "colmap_im_id": 24
        },
        {
            "file_path": "images/pinhole_00025.jpg",
            "mask_path": "masks/mask_00025.jpg",
            "transform_matrix": [
                [
                    -0.9876883405951378,
                    8.983963949677722e-06,
                    -0.15643446504023087,
                    -166.5594019484092
                ],
                [
                    9.095950190385338e-06,
                    1.0,
                    0.0,
                    -355.25726318359375
                ],
                [
                    0.15643446504023087,
                    -1.4229201020655166e-06,
                    -0.9876883405951378,
                    25.165509650972435
                ],
                [
                    0.0,
                    0.0,
                    0.0,
                    1.0
                ]
            ],
            "colmap_im_id": 25
        },
        {
            "file_path": "images/pinhole_00026.jpg",
            "mask_path": "masks/mask_00026.jpg",
            "transform_matrix": [
                [
                    -0.9876883405951378,
                    1.0535815675766119e-05,
                    -0.15643446504023087,
                    -167.42855743990185
                ],
                [
                    1.0667145943443757e-05,
                    1.0,
                    0.0,
                    -355.25726318359375
                ],
                [
                    0.15643446504023087,
                    -1.6687092691686928e-06,
                    -0.9876883405951378,
                    25.303170357047495
                ],
                [
                    0.0,
                    0.0,
                    0.0,
                    1.0
                ]
            ],
            "colmap_im_id": 26
        },
        {
            "file_path": "images/pinhole_00027.jpg",
            "mask_path": "masks/mask_00027.jpg",
            "transform_matrix": [
                [
                    -0.9876883405951378,
                    1.7451809381706418e-05,
                    -0.15643446504023087,
                    -168.29772800232254
                ],
                [
                    1.7669348380877636e-05,
                    1.0,
                    0.0,
                    -355.2572326660156
                ],
                [
                    0.15643446504023087,
                    -2.7640950615720625e-06,
                    -0.9876883405951378,
                    25.440833450123062
                ],
                [
                    0.0,
                    0.0,
                    0.0,
                    1.0
                ]
            ],
            "colmap_im_id": 27
        },
        {
            "file_path": "images/pinhole_00028.jpg",
            "mask_path": "masks/mask_00028.jpg",
            "transform_matrix": [
                [
                    -0.9876883405951378,
                    2.257637995972801e-05,
                    -0.15643446504023087,
                    -169.16689856474324
                ],
                [
                    2.2857797375763766e-05,
                    1.0,
                    0.0,
                    -355.2572326660156
                ],
                [
                    0.15643446504023087,
                    -3.575747304475598e-06,
                    -0.9876883405951378,
                    25.578496543198625
                ],
                [
                    0.0,
                    0.0,
                    0.0,
                    1.0
                ]
            ],
            "colmap_im_id": 28
        },
        {
            "file_path": "images/pinhole_00029.jpg",
            "mask_path": "masks/mask_00029.jpg",
            "transform_matrix": [
                [
                    -0.9876883405951378,
                    1.8722208390351034e-05,
                    -0.15643446504023087,
                    -170.03605405623588
                ],
                [
                    1.8955583072965965e-05,
                    1.0,
                    0.0,
                    -355.2572021484375
                ],
                [
                    0.15643446504023087,
                    -2.9653064975450864e-06,
                    -0.9876883405951378,
                    25.716157249273685
                ],
                [
                    0.0,
                    0.0,
                    0.0,
                    1.0
                ]
            ],
            "colmap_im_id": 29
        },
        {
            "file_path": "images/pinhole_00030.jpg",
            "mask_path": "masks/mask_00030.jpg",
            "transform_matrix": [
                [
                    -0.9876883405951378,
                    1.4055065176751058e-05,
                    -0.15643446504023087,
                    -170.90522461865658
                ],
                [
                    1.4230263332137838e-05,
                    1.0,
                    0.0,
                    -355.2572021484375
                ],
                [
                    0.15643446504023087,
                    -2.226103631744596e-06,
                    -0.9876883405951378,
                    25.85382034234925
                ],
                [
                    0.0,
                    0.0,
                    0.0,
                    1.0
                ]
            ],
            "colmap_im_id": 30
        },
        {
            "file_path": "images/pinhole_00031.jpg",
            "mask_path": "masks/mask_00031.jpg",
            "transform_matrix": [
                [
                    -0.9876883405951378,
                    1.63077289411841e-05,
                    -0.15643446504023087,
                    -171.77439518107727
                ],
                [
                    1.6511006833752617e-05,
                    1.0,
                    0.0,
                    -355.2571716308594
                ],
                [
                    0.15643446504023087,
                    -2.582890521313687e-06,
                    -0.9876883405951378,
                    25.991483435424815
                ],
                [
                    0.0,
                    0.0,
                    0.0,
                    1.0
                ]
            ],
            "colmap_im_id": 31
        },
        {
            "file_path": "images/pinhole_00032.jpg",
            "mask_path": "masks/mask_00032.jpg",
            "transform_matrix": [
                [
                    -0.9876883405951378,
                    2.116085024063697e-05,
                    -0.15643446504023087,
                    -172.64355067256992
                ],
                [
                    2.14246229006676e-05,
                    1.0,
                    0.0,
                    -355.2571716308594
                ],
                [
                    0.15643446504023087,
                    -3.351549422154615e-06,
                    -0.9876883405951378,
                    26.129144141499875
                ],
                [
                    0.0,
                    0.0,
                    0.0,
                    1.0
                ]
            ],
            "colmap_im_id": 32
        },
        {
            "file_path": "images/pinhole_00033.jpg",
            "mask_path": "masks/mask_00033.jpg",
            "transform_matrix": [
                [
                    -0.9876883405951378,
                    1.8078702330777505e-05,
                    -0.15643446504023087,
                    -173.5127212349906
                ],
                [
                    1.8304055629414506e-05,
                    1.0,
                    0.0,
                    -355.25714111328125
                ],
                [
                    0.15643446504023087,
                    -2.8633851504540847e-06,
                    -0.9876883405951378,
                    26.266807234575438
                ],
                [
                    0.0,
                    0.0,
                    0.0,
                    1.0
                ]
            ],
            "colmap_im_id": 33
        },
        {
            "file_path": "images/pinhole_00034.jpg",
            "mask_path": "masks/mask_00034.jpg",
            "transform_matrix": [
                [
                    -0.9876883405951378,
                    1.30596340772493e-05,
                    -0.15643446504023087,
                    -174.38189179741133
                ],
                [
                    1.3222424058767501e-05,
                    1.0,
                    0.0,
                    -355.2571105957031
                ],
                [
                    0.15643446504023087,
                    -2.068442834168372e-06,
                    -0.9876883405951378,
                    26.404470327651005
                ],
                [
                    0.0,
                    0.0,
                    0.0,
                    1.0
                ]
            ],
            "colmap_im_id": 34
        },
        {
            "file_path": "images/pinhole_00035.jpg",
            "mask_path": "masks/mask_00035.jpg",
            "transform_matrix": [
                [
                    -0.9876883405951378,
                    1.7407627526674932e-05,
                    -0.15643446504023087,
                    -175.25106235983202
                ],
                [
                    1.7624615793465637e-05,
                    1.0,
                    0.0,
                    -355.2571105957031
                ],
                [
                    0.15643446504023087,
                    -2.757097343190401e-06,
                    -0.9876883405951378,
                    26.542133420726568
                ],
                [
                    0.0,
                    0.0,
                    0.0,
                    1.0
                ]
            ],
            "colmap_im_id": 35
        },
        {
            "file_path": "images/pinhole_00036.jpg",
            "mask_path": "masks/mask_00036.jpg",
            "transform_matrix": [
                [
                    -0.9876883405951378,
                    2.0875928298971257e-05,
                    -0.15643446504023087,
                    -176.12021785132467
                ],
                [
                    2.1136149371159263e-05,
                    1.0,
                    0.0,
                    -355.257080078125
                ],
                [
                    0.15643446504023087,
                    -3.3064222198877113e-06,
                    -0.9876883405951378,
                    26.679794126801628
                ],
                [
                    0.0,
                    0.0,
                    0.0,
                    1.0
                ]
            ],
            "colmap_im_id": 36
        },
        {
            "file_path": "images/pinhole_00037.jpg",
            "mask_path": "masks/mask_00037.jpg",
            "transform_matrix": [
                [
                    -0.9876883405951378,
                    1.8175725626935618e-05,
                    -0.15643446504023087,
                    -176.98938841374536
                ],
                [
                    1.8402288333163597e-05,
                    1.0,
                    0.0,
                    -355.257080078125
                ],
                [
                    0.15643446504023087,
                    -2.8787521309145293e-06,
                    -0.9876883405951378,
                    26.817457219877195
                ],
                [
                    0.0,
                    0.0,
                    0.0,
                    1.0
                ]
            ],
            "colmap_im_id": 37
        },
        {
            "file_path": "images/pinhole_00038.jpg",
            "mask_path": "masks/mask_00038.jpg",
            "transform_matrix": [
                [
                    -0.9876883405951378,
                    1.3148137921693062e-05,
                    -0.15643446504023087,
                    -177.85855897616605
                ],
                [
                    1.3312031114764977e-05,
                    1.0,
                    0.0,
                    -355.2570495605469
                ],
                [
                    0.15643446504023087,
                    -2.0824604660371673e-06,
                    -0.9876883405951378,
                    26.955120312952758
                ],
                [
                    0.0,
                    0.0,
                    0.0,
                    1.0
                ]
            ],
            "colmap_im_id": 38
        },
        {
            "file_path": "images/pinhole_00039.jpg",
            "mask_path": "masks/mask_00039.jpg",
            "transform_matrix": [
                [
                    -0.9876883405951378,
                    1.571016719596972e-05,
                    -0.15643446504023087,
                    -178.7277144676587
                ],
                [
                    1.5905996406218037e-05,
                    1.0,
                    0.0,
                    -355.2570495605469
                ],
                [
                    0.15643446504023087,
                    -2.4882460387385535e-06,
                    -0.9876883405951378,
                    27.092781019027818
                ],
                [
                    0.0,
                    0.0,
                    0.0,
                    1.0
                ]
            ],
            "colmap_im_id": 39
        },
        {
            "file_path": "images/pinhole_00040.jpg",
            "mask_path": "masks/mask_00040.jpg",
            "transform_matrix": [
                [
                    -0.9876883405951378,
                    2.0380901802226167e-05,
                    -0.15643446504023087,
                    -179.5968850300794
                ],
                [
                    2.0634952306863852e-05,
                    1.0,
                    0.0,
                    -355.2570495605469
                ],
                [
                    0.15643446504023087,
                    -3.2280177252549244e-06,
                    -0.9876883405951378,
                    27.23044411210338
                ],
                [
                    0.0,
                    0.0,
                    0.0,
                    1.0
                ]
            ],
            "colmap_im_id": 40
        },
        {
            "file_path": "images/pinhole_00041.jpg",
            "mask_path": "masks/mask_00041.jpg",
            "transform_matrix": [
                [
                    -0.9876883405951378,
                    1.7232369720952692e-05,
                    -0.15643446504023087,
                    -180.4660555925001
                ],
                [
                    1.744717337714974e-05,
                    1.0,
                    0.0,
                    -355.25701904296875
                ],
                [
                    0.15643446504023087,
                    -2.7293392337185776e-06,
                    -0.9876883405951378,
                    27.368107205178948
                ],
                [
                    0.0,
                    0.0,
                    0.0,
                    1.0
                ]
            ],
            "colmap_im_id": 41
        },
        {
            "file_path": "images/pinhole_00042.jpg",
            "mask_path": "masks/mask_00042.jpg",
            "transform_matrix": [
                [
                    -0.9876883405951378,
                    2.0216980508591136e-05,
                    -0.15643446504023087,
                    -181.33521108399273
                ],
                [
                    2.0468987713684328e-05,
                    1.0,
                    0.0,
                    -355.2569885253906
                ],
                [
                    0.15643446504023087,
                    -3.2020551429052664e-06,
                    -0.9876883405951378,
                    27.505767911254008
                ],
                [
                    0.0,
                    0.0,
                    0.0,
                    1.0
                ]
            ],
            "colmap_im_id": 42
        },
        {
            "file_path": "images/pinhole_00043.jpg",
            "mask_path": "masks/mask_00043.jpg",
            "transform_matrix": [
                [
                    -0.9876883405951378,
                    2.3338887057513987e-05,
                    -0.15643446504023087,
                    -182.20438164641345
                ],
                [
                    2.3629809220437892e-05,
                    1.0,
                    0.0,
                    -355.2569885253906
