{
    "camera_model": "OPENCV",
    "w": 1280,
    "h": 720,
    "fl_x": 751.3418667502033,
    "fl_y": 750.6179165472433,
    "cx": 640,
    "cy": 360,
    "k1": 0,
    "k2": 0,
    "p1": 0,
    "p2": 0,
    "frames": [
        {
            "file_path": "images/pinhole_00000.jpg",
            "mask_path": "masks/mask_pinhole_00000.jpg",
            "transform_matrix": [
                [
                    -0.9876883405951378,
                    1.7555552403791808e-05,
                    -0.15643446504023087,
                    -150.26058654785157
                ],
                [
                    -1.7339414421932112e-05,
                    -1.0,
                    -2.7462934487729106e-06,
                    355.2576588296932
                ],
                [
                    -0.15643446504023087,
                    0.0,
                    0.9876883405951378,
                    1.1646527647972107
                ],
                [
                    0.0,
                    0.0,
                    0.0,
                    1.0
                ]
            ],
            "colmap_im_id": 0
        },
        {
            "file_path": "images/pinhole_00001.jpg",
            "mask_path": "masks/mask_pinhole_00001.jpg",
            "transform_matrix": [
                [
                    -0.9876883405951378,
                    1.7555552403791808e-05,
                    -0.15643446504023087,
                    -151.1403015136719
                ],
                [
                    -1.7339414421932112e-05,
                    -1.0,
                    -2.7462934487729106e-06,
                    355.25762831211506
                ],
                [
                    -0.15643446504023087,
                    0.0,
                    0.9876883405951378,
                    1.5
                ],
                [
                    0.0,
                    0.0,
                    0.0,
                    1.0
                ]
            ],
            "colmap_im_id": 1
        },
        {
            "file_path": "images/pinhole_00002.jpg",
            "mask_path": "masks/mask_pinhole_00002.jpg",
            "transform_matrix": [
                [
                    -0.9876883405951378,
                    1.6410182070103474e-05,
                    -0.15643446504023087,
                    -152.01966552734376
                ],
                [
                    -1.6208145497684584e-05,
                    -1.0,
                    -2.5671180533494253e-06,
                    355.25763037378164
                ],
                [
                    -0.15643446504023087,
                    0.0,
                    0.9876883405951378,
                    1.5
                ],
                [
                    0.0,
                    0.0,
                    0.0,
                    1.0
                ]
            ],
            "colmap_im_id": 2
        },
        {
            "file_path": "images/pinhole_00003.jpg",
            "mask_path": "masks/mask_pinhole_00003.jpg",
            "transform_matrix": [
                [
                    -0.9876883405951378,
                    1.9864954083459452e-05,
                    -0.15643446504023087,
                    -152.89898376464845
                ],
                [
                    -1.9620383534690672e-05,
                    -1.0,
                    -3.1075634650947292e-06,
                    355.2575936376139
                ],
                [
                    -0.15643446504023087,
                    0.0,
                    0.9876883405951378,
                    1.5
                ],
                [
                    0.0,
                    0.0,
                    0.0,
                    1.0
                ]
            ],
            "colmap_im_id": 3
        },
        {
            "file_path": "images/pinhole_00004.jpg",
            "mask_path": "masks/mask_pinhole_00004.jpg",
            "transform_matrix": [
                [
                    -0.9876883405951378,
                    1.7998574548983015e-05,
                    -0.15643446504023087,
                    -153.7784393310547
                ],
                [
                    -1.7776982229362916e-05,
                    -1.0,
                    -2.8155973810568727e-06,
                    355.25759699709704
                ],
                [
                    -0.15643446504023087,
                    0.0,
                    0.9876883405951378,
                    1.5
                ],
                [
                    0.0,
                    0.0,
                    0.0,
                    1.0
                ]
            ],
            "colmap_im_id": 4
        },
        {
            "file_path": "images/pinhole_00005.jpg",
            "mask_path": "masks/mask_pinhole_00005.jpg",
            "transform_matrix": [
                [
                    -0.9876883405951378,
                    2.0193581804051064e-05,
                    -0.15643446504023087,
                    -154.65809326171876
                ],
                [
                    -1.9944965302715363e-05,
                    -1.0,
                    -3.1589721667628686e-06,
                    355.2575625285059
                ],
                [
                    -0.15643446504023087,
                    0.0,
                    0.9876883405951378,
                    1.5
                ],
                [
                    0.0,
                    0.0,
                    0.0,
                    1.0
                ]
            ],
            "colmap_im_id": 5
        },
        {
            "file_path": "images/pinhole_00006.jpg",
            "mask_path": "masks/mask_pinhole_00006.jpg",
            "transform_matrix": [
                [
                    -0.9876883405951378,
                    1.6364336261176504e-05,
                    -0.15643446504023087,
                    -155.5379150390625
                ],
                [
                    -1.6162864126742264e-05,
                    -1.0,
                    -2.5599461887555984e-06,
                    355.2575694211479
                ],
                [
                    -0.15643446504023087,
                    0.0,
                    0.9876883405951378,
                    1.5
                ],
                [
                    0.0,
                    0.0,
                    0.0,
                    1.0
                ]
            ],
            "colmap_im_id": 6
        },
        {
            "file_path": "images/pinhole_00007.jpg",
            "mask_path": "masks/mask_pinhole_00007.jpg",
            "transform_matrix": [
                [
                    -0.9876883405951378,
                    1.9388526197872125e-05,
                    -0.15643446504023087,
                    -156.41785888671876
                ],
                [
                    -1.9149821266961676e-05,
                    -1.0,
                    -3.0330337236826273e-06,
                    355.25753346002784
                ],
                [
                    -0.15643446504023087,
                    0.0,
                    0.9876883405951378,
                    1.5
                ],
                [
                    0.0,
                    0.0,
                    0.0,
                    1.0
                ]
            ],
            "colmap_im_id": 7
        },
        {
            "file_path": "images/pinhole_00008.jpg",
            "mask_path": "masks/mask_pinhole_00008.jpg",
            "transform_matrix": [
                [
                    -0.9876883405951378,
                    2.3144533770391718e-05,
                    -0.15643446504023087,
                    -157.29786376953126
                ],
                [
                    -2.2859586153526323e-05,
                    -1.0,
                    -3.620602758976786e-06,
                    355.2575266992142
                ],
                [
                    -0.15643446504023087,
                    0.0,
                    0.9876883405951378,
                    1.5
                ],
                [
                    0.0,
                    0.0,
                    0.0,
                    1.0
                ]
            ],
            "colmap_im_id": 8
        },
        {
            "file_path": "images/pinhole_00009.jpg",
            "mask_path": "masks/mask_pinhole_00009.jpg",
            "transform_matrix": [
                [
                    -0.9876883405951378,
                    2.6907842766377144e-05,
                    -0.15643446504023087,
                    -158.1778991699219
                ],
                [
                    -2.657656257091792e-05,
                    -1.0,
                    -4.209313988544854e-06,
                    355.2574894076799
                ],
                [
                    -0.15643446504023087,
                    0.0,
                    0.9876883405951378,
                    1.5
                ],
                [
                    0.0,
                    0.0,
                    0.0,
                    1.0
                ]
            ],
            "colmap_im_id": 9
        },
        {
            "file_path": "images/pinhole_00010.jpg",
            "mask_path": "masks/mask_pinhole_00010.jpg",
            "transform_matrix": [
                [
                    -0.9876883405951378,
                    2.126181425410323e-05,
                    -0.15643446504023087,
                    -159.05794982910157
                ],
                [
                    -2.1000046038677264e-05,
                    -1.0,
                    -3.3260805386253938e-06,
                    355.25746905295307
                ],
                [
                    -0.15643446504023087,
                    0.0,
                    0.9876883405951378,
                    1.5
                ],
                [
                    0.0,
                    0.0,
                    0.0,
                    1.0
                ]
            ],
            "colmap_im_id": 10
        },
        {
            "file_path": "images/pinhole_00011.jpg",
            "mask_path": "masks/mask_pinhole_00011.jpg",
            "transform_matrix": [
                [
                    -0.9876883405951378,
                    1.6328713172697462e-05,
                    -0.15643446504023087,
                    -159.9379852294922
                ],
                [
                    -1.6127679617595524e-05,
                    -1.0,
                    -2.5543735099662986e-06,
                    355.25747793253504
                ],
                [
                    -0.15643446504023087,
                    0.0,
                    0.9876883405951378,
                    1.5
                ],
                [
                    0.0,
                    0.0,
                    0.0,
                    1.0
                ]
            ],
            "colmap_im_id": 11
        },
        {
            "file_path": "images/pinhole_00012.jpg",
            "mask_path": "masks/mask_pinhole_00012.jpg",
            "transform_matrix": [
                [
                    -0.9876883405951378,
                    2.5780900614336133e-05,
                    -0.15643446504023087,
                    -160.81800537109376
                ],
                [
                    -2.5463494946821822e-05,
                    -1.0,
                    -4.033021395859032e-06,
                    355.2574304010195
                ],
                [
                    -0.15643446504023087,
                    0.0,
                    0.9876883405951378,
                    1.5
                ],
                [
                    0.0,
                    0.0,
                    0.0,
                    1.0
                ]
            ],
            "colmap_im_id": 12
        },
        {
            "file_path": "images/pinhole_00013.jpg",
            "mask_path": "masks/mask_pinhole_00013.jpg",
            "transform_matrix": [
                [
                    -0.9876883405951378,
                    1.5555269783362746e-05,
                    -0.15643446504023087,
                    -161.69802551269532
                ],
                [
                    -1.5363758599839238e-05,
                    -1.0,
                    -2.433380307116819e-06,
                    355.257448807155
                ],
                [
                    -0.15643446504023087,
                    0.0,
                    0.9876883405951378,
                    1.5
                ],
                [
                    0.0,
                    0.0,
                    0.0,
                    1.0
                ]
            ],
            "colmap_im_id": 13
        },
        {
            "file_path": "images/pinhole_00014.jpg",
            "mask_path": "masks/mask_pinhole_00014.jpg",
            "transform_matrix": [
                [
                    -0.9876883405951378,
                    1.6454807337140664e-05,
                    -0.15643446504023087,
                    -162.57803039550782
                ],
                [
                    -1.625222135363316e-05,
                    -1.0,
                    -2.5740989831256657e-06,
                    355.25741667040927
                ],
                [
                    -0.15643446504023087,
                    0.0,
                    0.9876883405951378,
                    1.5
                ],
                [
                    0.0,
                    0.0,
                    0.0,
                    1.0
                ]
            ],
            "colmap_im_id": 14
        },
        {
            "file_path": "images/pinhole_00015.jpg",
            "mask_path": "masks/mask_pinhole_00015.jpg",
            "transform_matrix": [
                [
                    -0.9876883405951378,
                    1.3587658941105474e-05,
                    -0.15643446504023087,
                    -163.45802001953126
                ],
                [
                    -1.3420372312113152e-05,
                    -1.0,
                    -2.1255781576009448e-06,
                    355.2574218312764
                ],
                [
                    -0.15643446504023087,
                    0.0,
                    0.9876883405951378,
                    1.5
                ],
                [
                    0.0,
                    0.0,
                    0.0,
                    1.0
                ]
            ],
            "colmap_im_id": 15
        },
        {
            "file_path": "images/pinhole_00016.jpg",
            "mask_path": "masks/mask_pinhole_00016.jpg",
            "transform_matrix": [
                [
                    -0.9876883405951378,
                    2.5002502297866158e-05,
                    -0.15643446504023087,
                    -164.33802490234376
                ],
                [
                    -2.4694680005305545e-05,
                    -1.0,
                    -3.9112530716338354e-06,
                    355.2573707669802
                ],
                [
                    -0.15643446504023087,
                    0.0,
                    0.9876883405951378,
                    1.5
                ],
                [
                    0.0,
                    0.0,
                    0.0,
                    1.0
                ]
            ],
            "colmap_im_id": 16
        },
        {
            "file_path": "images/pinhole_00017.jpg",
            "mask_path": "masks/mask_pinhole_00017.jpg",
            "transform_matrix": [
                [
                    -0.9876883405951378,
                    2.2948041078052483e-05,
                    -0.15643446504023087,
                    -165.2180145263672
                ],
                [
                    -2.2665512612290713e-05,
                    -1.0,
                    -3.5898645297663832e-06,
                    355.25734394743233
                ],
                [
                    -0.15643446504023087,
                    0.0,
                    0.9876883405951378,
                    1.5
                ],
                [
                    0.0,
                    0.0,
                    0.0,
                    1.0
                ]
            ],
            "colmap_im_id": 17
        },
        {
            "file_path": "images/pinhole_00018.jpg",
            "mask_path": "masks/mask_pinhole_00018.jpg",
            "transform_matrix": [
                [
                    -0.9876883405951378,
                    1.726195841911249e-05,
                    -0.15643446504023087,
                    -166.0980194091797
                ],
                [
                    -1.7049435066395483e-05,
                    -1.0,
                    -2.7003652308405717e-06,
                    355.2573541823811
                ],
                [
                    -0.15643446504023087,
                    0.0,
                    0.9876883405951378,
                    1.5
                ],
                [
                    0.0,
                    0.0,
                    0.0,
                    1.0
                ]
            ],
            "colmap_im_id": 18
        },
        {
            "file_path": "images/pinhole_00019.jpg",
            "mask_path": "masks/mask_pinhole_00019.jpg",
            "transform_matrix": [
                [
                    -0.9876883405951378,
                    2.6953863198286854e-05,
                    -0.15643446504023087,
                    -166.97800903320314
                ],
                [
                    -2.6622016414944294e-05,
                    -1.0,
                    -4.21651317019157e-06,
                    355.25730621937436
                ],
                [
                    -0.15643446504023087,
                    0.0,
                    0.9876883405951378,
                    1.5
                ],
                [
                    0.0,
                    0.0,
                    0.0,
                    1.0
                ]
            ],
            "colmap_im_id": 19
        },
        {
            "file_path": "images/pinhole_00020.jpg",
            "mask_path": "masks/mask_pinhole_00020.jpg",
            "transform_matrix": [
                [
                    -0.9876883405951378,
                    2.431508619338274e-05,
                    -0.15643446504023087,
                    -167.85801391601564
                ],
                [
                    -2.4015727133769943e-05,
                    -1.0,
                    -3.8037175010689323e-06,
                    355.25728045159485
                ],
                [
                    -0.15643446504023087,
                    0.0,
                    0.9876883405951378,
                    1.5
                ],
                [
                    0.0,
                    0.0,
                    0.0,
                    1.0
                ]
            ],
            "colmap_im_id": 20
        },
        {
            "file_path": "images/pinhole_00021.jpg",
            "mask_path": "masks/mask_pinhole_00021.jpg",
            "transform_matrix": [
                [
                    -0.9876883405951378,
                    2.5849556550383568e-05,
                    -0.15643446504023087,
                    -168.73801879882814
                ],
                [
                    -2.553130561436852e-05,
                    -1.0,
                    -4.043761550486449e-06,
                    355.25727768954823
                ],
                [
                    -0.15643446504023087,
                    0.0,
                    0.9876883405951378,
                    1.5
                ],
                [
                    0.0,
                    0.0,
                    0.0,
                    1.0
                ]
            ],
            "colmap_im_id": 21
        },
        {
            "file_path": "images/pinhole_00022.jpg",
            "mask_path": "masks/mask_pinhole_00022.jpg",
            "transform_matrix": [
                [
                    -0.9876883405951378,
                    1.474255714128958e-05,
                    -0.15643446504023087,
                    -169.61802368164064
                ],
                [
                    -1.4561051799009304e-05,
                    -1.0,
                    -2.306244039722671e-06,
                    355.25726716456904
                ],
                [
                    -0.15643446504023087,
                    0.0,
                    0.9876883405951378,
                    1.5
                ],
                [
                    0.0,
                    0.0,
                    0.0,
                    1.0
                ]
            ],
            "colmap_im_id": 22
        },
        {
            "file_path": "images/pinhole_00023.jpg",
            "mask_path": "masks/mask_pinhole_00023.jpg",
            "transform_matrix": [
                [
                    -0.9876883405951378,
                    1.3702855540032033e-05,
                    -0.15643446504023087,
                    -170.49801330566407
                ],
                [
                    -1.353415064974913e-05,
                    -1.0,
                    -2.143598875928475e-06,
                    355.2572690360319
                ],
                [
                    -0.15643446504023087,
                    0.0,
                    0.9876883405951378,
                    1.5
                ],
                [
                    0.0,
                    0.0,
                    0.0,
                    1.0
                ]
            ],
            "colmap_im_id": 23
        },
        {
            "file_path": "images/pinhole_00024.jpg",
            "mask_path": "masks/mask_pinhole_00024.jpg",
            "transform_matrix": [
                [
                    -0.9876883405951378,
                    1.9070897906203754e-05,
                    -0.15643446504023087,
                    -171.37801818847657
                ],
                [
                    -1.8836103506637672e-05,
                    -1.0,
                    -2.9833457117938433e-06,
                    355.25722885597753
                ],
                [
                    -0.15643446504023087,
                    0.0,
                    0.9876883405951378,
                    1.5
                ],
                [
                    0.0,
                    0.0,
                    0.0,
                    1.0
                ]
            ],
            "colmap_im_id": 24
        },
        {
            "file_path": "images/pinhole_00025.jpg",
            "mask_path": "masks/mask_pinhole_00025.jpg",
            "transform_matrix": [
                [
                    -0.9876883405951378,
                    9.095950190385338e-06,
                    -0.15643446504023087,
                    -172.25802307128907
                ],
                [
                    -8.983963949677722e-06,
                    -1.0,
                    -1.4229201020655166e-06,
                    355.25724681088343
                ],
                [
                    -0.15643446504023087,
                    0.0,
                    0.9876883405951378,
                    1.5
                ],
                [
                    0.0,
                    0.0,
                    0.0,
                    1.0
                ]
            ],
            "colmap_im_id": 25
        },
        {
            "file_path": "images/pinhole_00026.jpg",
            "mask_path": "masks/mask_pinhole_00026.jpg",
            "transform_matrix": [
                [
                    -0.9876883405951378,
                    1.0667145943443757e-05,
                    -0.15643446504023087,
                    -173.1380126953125
                ],
                [
                    -1.0535815675766119e-05,
                    -1.0,
                    -1.6687092691686928e-06,
                    355.25724398273104
                ],
                [
                    -0.15643446504023087,
                    0.0,
                    0.9876883405951378,
                    1.5
                ],
                [
                    0.0,
                    0.0,
                    0.0,
                    1.0
                ]
            ],
            "colmap_im_id": 26
        },
        {
            "file_path": "images/pinhole_00027.jpg",
            "mask_path": "masks/mask_pinhole_00027.jpg",
            "transform_matrix": [
                [
                    -0.9876883405951378,
                    1.7669348380877636e-05,
                    -0.15643446504023087,
                    -174.018017578125
                ],
                [
                    -1.7451809381706418e-05,
                    -1.0,
                    -2.7640950615720625e-06,
                    355.25720086118855
                ],
                [
                    -0.15643446504023087,
                    0.0,
                    0.9876883405951378,
                    1.5
                ],
                [
                    0.0,
                    0.0,
                    0.0,
                    1.0
                ]
            ],
            "colmap_im_id": 27
        },
        {
            "file_path": "images/pinhole_00028.jpg",
            "mask_path": "masks/mask_pinhole_00028.jpg",
            "transform_matrix": [
                [
                    -0.9876883405951378,
                    2.2857797375763766e-05,
                    -0.15643446504023087,
                    -174.8980224609375
                ],
                [
                    -2.257637995972801e-05,
                    -1.0,
                    -3.575747304475598e-06,
                    355.25719152198036
                ],
                [
                    -0.15643446504023087,
                    0.0,
                    0.9876883405951378,
                    1.5
                ],
                [
                    0.0,
                    0.0,
                    0.0,
                    1.0
                ]
            ],
            "colmap_im_id": 28
        },
        {
            "file_path": "images/pinhole_00029.jpg",
            "mask_path": "masks/mask_pinhole_00029.jpg",
            "transform_matrix": [
                [
                    -0.9876883405951378,
                    1.8955583072965965e-05,
                    -0.15643446504023087,
                    -175.77801208496095
                ],
                [
                    -1.8722208390351034e-05,
                    -1.0,
                    -2.9653064975450864e-06,
                    355.257168028388
                ],
                [
                    -0.15643446504023087,
                    0.0,
                    0.9876883405951378,
                    1.5
                ],
                [
                    0.0,
                    0.0,
                    0.0,
                    1.0
                ]
            ],
            "colmap_im_id": 29
        },
        {
            "file_path": "images/pinhole_00030.jpg",
            "mask_path": "masks/mask_pinhole_00030.jpg",
            "transform_matrix": [
                [
                    -0.9876883405951378,
                    1.4230263332137838e-05,
                    -0.15643446504023087,
                    -176.65801696777345
                ],
                [
                    -1.4055065176751058e-05,
                    -1.0,
                    -2.226103631744596e-06,
                    355.2571765339635
                ],
                [
                    -0.15643446504023087,
                    0.0,
                    0.9876883405951378,
                    1.5
                ],
                [
                    0.0,
                    0.0,
                    0.0,
                    1.0
                ]
            ],
            "colmap_im_id": 30
        },
        {
            "file_path": "images/pinhole_00031.jpg",
            "mask_path": "masks/mask_pinhole_00031.jpg",
            "transform_matrix": [
                [
                    -0.9876883405951378,
                    1.6511006833752617e-05,
                    -0.15643446504023087,
                    -177.53802185058595
                ],
                [
                    -1.63077289411841e-05,
                    -1.0,
                    -2.582890521313687e-06,
                    355.2571419110471
                ],
                [
                    -0.15643446504023087,
                    0.0,
                    0.9876883405951378,
                    1.5
                ],
                [
                    0.0,
                    0.0,
                    0.0,
                    1.0
                ]
            ],
            "colmap_im_id": 31
        },
        {
            "file_path": "images/pinhole_00032.jpg",
            "mask_path": "masks/mask_pinhole_00032.jpg",
            "transform_matrix": [
                [
                    -0.9876883405951378,
                    2.14246229006676e-05,
                    -0.15643446504023087,
                    -178.4180114746094
                ],
                [
                    -2.116085024063697e-05,
                    -1.0,
                    -3.351549422154615e-06,
                    355.25713306653813
                ],
                [
                    -0.15643446504023087,
                    0.0,
                    0.9876883405951378,
                    1.5
                ],
                [
                    0.0,
                    0.0,
                    0.0,
                    1.0
                ]
            ],
            "colmap_im_id": 32
        },
        {
            "file_path": "images/pinhole_00033.jpg",
            "mask_path": "masks/mask_pinhole_00033.jpg",
            "transform_matrix": [
                [
                    -0.9876883405951378,
                    1.8304055629414506e-05,
                    -0.15643446504023087,
                    -179.2980163574219
                ],
                [
                    -1.8078702330777505e-05,
                    -1.0,
                    -2.8633851504540847e-06,
                    355.2571081659811
                ],
                [
                    -0.15643446504023087,
                    0.0,
                    0.9876883405951378,
                    1.5
                ],
                [
                    0.0,
                    0.0,
                    0.0,
                    1.0
                ]
            ],
            "colmap_im_id": 33
        },
        {
            "file_path": "images/pinhole_00034.jpg",
            "mask_path": "masks/mask_pinhole_00034.jpg",
            "transform_matrix": [
                [
                    -0.9876883405951378,
                    1.3222424058767501e-05,
                    -0.15643446504023087,
                    -180.1780212402344
                ],
                [
                    -1.30596340772493e-05,
                    -1.0,
                    -2.068442834168372e-06,
                    355.25708679533983
                ],
                [
                    -0.15643446504023087,
                    0.0,
                    0.9876883405951378,
                    1.5
                ],
                [
                    0.0,
                    0.0,
                    0.0,
                    1.0
                ]
            ],
            "colmap_im_id": 34
        },
        {
            "file_path": "images/pinhole_00035.jpg",
            "mask_path": "masks/mask_pinhole_00035.jpg",
            "transform_matrix": [
                [
                    -0.9876883405951378,
                    1.7624615793465637e-05,
                    -0.15643446504023087,
                    -181.0580261230469
                ],
                [
                    -1.7407627526674932e-05,
                    -1.0,
                    -2.757097343190401e-06,
                    355.2570788713947
                ],
                [
                    -0.15643446504023087,
                    0.0,
                    0.9876883405951378,
                    1.5
                ],
                [
                    0.0,
                    0.0,
                    0.0,
                    1.0
                ]
            ],
            "colmap_im_id": 35
        },
        {
            "file_path": "images/pinhole_00036.jpg",
            "mask_path": "masks/mask_pinhole_00036.jpg",
            "transform_matrix": [
                [
                    -0.9876883405951378,
                    2.1136149371159263e-05,
                    -0.15643446504023087,
                    -181.93801574707032
                ],
                [
                    -2.0875928298971257e-05,
                    -1.0,
                    -3.3064222198877113e-06,
                    355.2570420330561
                ],
                [
                    -0.15643446504023087,
                    0.0,
                    0.9876883405951378,
                    1.5
                ],
                [
                    0.0,
                    0.0,
                    0.0,
                    1.0
                ]
            ],
            "colmap_im_id": 36
        },
        {
            "file_path": "images/pinhole_00037.jpg",
            "mask_path": "masks/mask_pinhole_00037.jpg",
            "transform_matrix": [
                [
                    -0.9876883405951378,
                    1.8402288333163597e-05,
                    -0.15643446504023087,
                    -182.81802062988282
                ],
                [
                    -1.8175725626935618e-05,
                    -1.0,
                    -2.8787521309145293e-06,
                    355.257046954006
                ],
                [
                    -0.15643446504023087,
                    0.0,
                    0.9876883405951378,
                    1.5
                ],
                [
                    0.0,
                    0.0,
                    0.0,
                    1.0
                ]
            ],
            "colmap_im_id": 37
        },
        {
            "file_path": "images/pinhole_00038.jpg",
            "mask_path": "masks/mask_pinhole_00038.jpg",
            "transform_matrix": [
                [
                    -0.9876883405951378,
                    1.3312031114764977e-05,
                    -0.15643446504023087,
                    -183.69802551269532
                ],
                [
                    -1.3148137921693062e-05,
                    -1.0,
                    -2.0824604660371673e-06,
                    355.2570255988909
                ],
                [
                    -0.15643446504023087,
                    0.0,
                    0.9876883405951378,
                    1.5
                ],
                [
                    0.0,
                    0.0,
                    0.0,
                    1.0
                ]
            ],
            "colmap_im_id": 38
        },
        {
            "file_path": "images/pinhole_00039.jpg",
            "mask_path": "masks/mask_pinhole_00039.jpg",
            "transform_matrix": [
                [
                    -0.9876883405951378,
                    1.5905996406218037e-05,
                    -0.15643446504023087,
                    -184.57801513671876
                ],
                [
                    -1.571016719596972e-05,
                    -1.0,
                    -2.4882460387385535e-06,
                    355.25702092975337
                ],
                [
                    -0.15643446504023087,
                    0.0,
                    0.9876883405951378,
                    1.5
                ],
                [
                    0.0,
                    0.0,
                    0.0,
                    1.0
                ]
            ],
            "colmap_im_id": 39
        },
        {
            "file_path": "images/pinhole_00040.jpg",
            "mask_path": "masks/mask_pinhole_00040.jpg",
            "transform_matrix": [
                [
                    -0.9876883405951378,
                    2.0634952306863852e-05,
                    -0.15643446504023087,
                    -185.45802001953126
                ],
                [
                    -2.0380901802226167e-05,
                    -1.0,
                    -3.2280177252549244e-06,
                    355.2570124176327
                ],
                [
                    -0.15643446504023087,
                    0.0,
                    0.9876883405951378,
                    1.5
                ],
                [
                    0.0,
                    0.0,
                    0.0,
                    1.0
                ]
            ],
            "colmap_im_id": 40
        },
        {
            "file_path": "images/pinhole_00041.jpg",
            "mask_path": "masks/mask_pinhole_00041.jpg",
            "transform_matrix": [
                [
                    -0.9876883405951378,
                    1.744717337714974e-05,
                    -0.15643446504023087,
                    -186.33802490234376
                ],
                [
                    -1.7232369720952692e-05,
                    -1.0,
                    -2.7293392337185776e-06,
                    355.25698763805667
                ],
                [
                    -0.15643446504023087,
                    0.0,
                    0.9876883405951378,
                    1.5
                ],
                [
                    0.0,
                    0.0,
                    0.0,
                    1.0
                ]
            ],
            "colmap_im_id": 41
        },
        {
            "file_path": "images/pinhole_00042.jpg",
            "mask_path": "masks/mask_pinhole_00042.jpg",
            "transform_matrix": [
                [
                    -0.9876883405951378,
                    2.0468987713684328e-05,
                    -0.15643446504023087,
                    -187.2180145263672
                ],
                [
                    -2.0216980508591136e-05,
                    -1.0,
                    -3.2020551429052664e-06,
                    355.25695168121274
                ],
                [
                    -0.15643446504023087,
                    0.0,
                    0.9876883405951378,
                    1.5
                ],
                [
                    0.0,
                    0.0,
                    0.0,
                    1.0
                ]
            ],
            "colmap_im_id": 42
        },
        {
            "file_path": "images/pinhole_00043.jpg",
            "mask_path": "masks/mask_pinhole_00043.jpg",
            "transform_matrix": [
                [
                    -0.9876883405951378,
                    2.3629809220437892e-05,
                    -0.15643446504023087,
                    -188.0980194091797
                ],
                [
                    -2.3338887057513987e-05,
                    -1.0,
                    -3.6965165644019163e-06,
                    355.256945991734
                ],
                [
                    -0.15643446504023087,
                    0.0,
                    0.9876883405951378,
                    1.5
                ],
